Capacity (head end) = 1.0

Compression: 501 180.4 0.07884763622979733 2876318.3 2.039
Compression: 502 180.7 0.07884599918186487 2876401.9 2.039
Compression: 503 181.1 0.07884327080962526 2876541.3 2.039
Compression: 504 181.4 0.07883945117455346 2876736.4 2.039
Compression: 505 181.8 0.07883454036272036 2876987.3 2.039
Compression: 506 182.2 0.07882853848479941 2877293.9 2.039
Compression: 507 182.5 0.07882144567607438 2877656.4 2.039
Compression: 508 182.9 0.07881326209644898 2878074.8 2.038
Compression: 509 183.2 0.07880398793045862 2878549.0 2.038
Compression: 510 183.6 0.07879362338728363 2879079.1 2.038
Compression: 511 184.0 0.07878216870076404 2879665.2 2.037
Compression: 512 184.3 0.07876962412941672 2880307.2 2.037
Compression: 513 184.7 0.0787559899564538 2881005.3 2.036
Compression: 514 185.0 0.07874126648980288 2881759.6 2.036
Compression: 515 185.4 0.07872545406212918 2882569.9 2.035
Compression: 516 185.8 0.07870855303085919 2883436.5 2.035
Compression: 517 186.1 0.07869056377820648 2884359.4 2.034
Compression: 518 186.5 0.07867148671119849 2885338.7 2.034
Compression: 519 186.8 0.07865132226170593 2886374.3 2.033
Compression: 520 187.2 0.07863007088647325 2887466.5 2.032
Compression: 521 187.6 0.07860773306715105 2888615.4 2.032
Compression: 522 187.9 0.07858430931033017 2889820.8 2.031
Compression: 523 188.3 0.07855980014757767 2891083.1 2.03
Compression: 524 188.6 0.07853420613547395 2892402.3 2.029
Compression: 525 189.0 0.07850752785565224 2893778.4 2.028
Compression: 526 189.4 0.07847976591483924 2895211.6 2.028
Compression: 527 189.7 0.0784509209448977 2896702.1 2.027
Compression: 528 190.1 0.07842099360287046 2898249.8 2.026
Compression: 529 190.4 0.07838998457102633 2899855.0 2.025
Compression: 530 190.8 0.07835789455690745 2901517.8 2.024
Compression: 531 191.2 0.07832472429337825 2903238.2 2.023
Compression: 532 191.5 0.07829047453867614 2905016.5 2.021
Compression: 533 191.9 0.07825514607646389 2906852.7 2.02
Compression: 534 192.2 0.07821873971588299 2908747.1 2.019
Compression: 535 192.6 0.0781812562916096 2910699.6 2.018
Compression: 536 193.0 0.07814269666391119 2912710.6 2.017
Compression: 537 193.3 0.07810306171870483 2914780.2 2.015
Compression: 538 193.7 0.07806235236761765 2916908.5 2.014
Compression: 539 194.0 0.07802056954804802 2919095.7 2.013
Compression: 540 194.4 0.07797771422322894 2921342.0 2.011
Compression: 541 194.8 0.07793378738229195 2923647.4 2.01
Compression: 542 195.1 0.07788879004033392 2926012.4 2.008
Compression: 543 195.5 0.07784272323848396 2928436.9 2.007
Compression: 544 195.8 0.07779558804397235 2930921.2 2.005
Compression: 545 196.2 0.0777473855502011 2933465.5 2.004
Compression: 546 196.6 0.07769811687681571 2936070.0 2.002
Compression: 547 196.9 0.07764778316977783 2938734.9 2.001
Compression: 548 197.3 0.07759638560144036 2941460.4 1.999
Compression: 549 197.6 0.07754392537062287 2944246.7 1.997
Compression: 550 198.0 0.07749040370268899 2947094.1 1.996
Compression: 551 198.4 0.07743582184962489 2950002.7 1.994
Compression: 552 198.7 0.0773801810901191 2952972.9 1.992
Compression: 553 199.1 0.07732348272964351 2956004.7 1.99
Compression: 554 199.4 0.07726572810053592 2959098.6 1.988
Compression: 555 199.8 0.07720691856208332 2962254.6 1.987
Compression: 556 200.2 0.07714705550060715 2965473.2 1.985
Compression: 557 200.5 0.07708614032954876 2968754.4 1.983
Compression: 558 200.9 0.07702417448955722 2972098.7 1.981
Compression: 559 201.2 0.07696115944857711 2975506.2 1.979
Compression: 560 201.6 0.07689709670193841 2978977.2 1.977
Compression: 561 202.0 0.07683198777244679 2982512.0 1.974
Compression: 562 202.3 0.07676583421047549 2986110.9 1.972
Compression: 563 202.7 0.07669863759405812 2989774.2 1.97
Compression: 564 203.0 0.0766303995289822 2993502.1 1.968
Compression: 565 203.4 0.07656112164888411 2997295.0 1.966
Compression: 566 203.8 0.07649080561534499 3001153.2 1.963
Compression: 567 204.1 0.07641945311798747 3005077.0 1.961
Compression: 568 204.5 0.0763470658745732 3009066.6 1.959
Compression: 569 204.8 0.07627364563110163 3013122.5 1.956
Compression: 570 205.2 0.07619919416190969 3017244.9 1.954
Compression: 571 205.6 0.07612371326977198 3021434.2 1.952
Compression: 572 205.9 0.07604720478600188 3025690.8 1.949
Compression: 573 206.3 0.07596967057055405 3030014.8 1.947
Compression: 574 206.6 0.07589111251212688 3034406.8 1.944
Compression: 575 207.0 0.07581153252826622 3038867.1 1.942
Compression: 576 207.4 0.07573093256546962 3043396.0 1.939
Compression: 577 207.7 0.07564931459929167 3047993.9 1.936
Compression: 578 208.1 0.07556668063444916 3052661.2 1.934
Compression: 579 208.4 0.07548303270492797 3057398.3 1.931
Compression: 580 208.8 0.07539837287408986 3062205.5 1.928
Compression: 581 209.2 0.0753127032347798 3067083.3 1.926
Compression: 582 209.5 0.0752260259094343 3072032.0 1.923
Compression: 583 209.9 0.07513834305019006 3077052.0 1.92
Compression: 584 210.2 0.07504965683899308 3082143.8 1.917
Compression: 585 210.6 0.07495996948770815 3087307.8 1.914
Compression: 586 211.0 0.07486928323822901 3092544.4 1.911
Compression: 587 211.3 0.07477760036258875 3097854.1 1.908
Compression: 588 211.7 0.07468492316307059 3103237.3 1.905
Compression: 589 212.0 0.07459125397231894 3108694.4 1.902
Compression: 590 212.4 0.07449659515345106 3114225.8 1.899
Compression: 591 212.8 0.0744009491001686 3119832.2 1.896
Compression: 592 213.1 0.07430431823686966 3125513.8 1.893
Compression: 593 213.5 0.07420670501876087 3131271.2 1.89
Compression: 594 213.8 0.07410811193196983 3137104.9 1.887
Compression: 595 214.2 0.07400854149365743 3143015.4 1.884
Compression: 596 214.6 0.0739079962521306 3149003.2 1.88
Compression: 597 214.9 0.07380647878695495 3155068.7 1.877
Compression: 598 215.3 0.0737039917090674 3161212.4 1.874
Compression: 599 215.6 0.07360053766088867 3167435.0 1.87
Compression: 600 216.0 0.07349611931643638 3173736.9 1.867
Compression: 601 216.4 0.07339073938143718 3180118.7 1.864
Compression: 602 216.7 0.07328440059343949 3186580.8 1.86
Compression: 603 217.1 0.07317710572192579 3193123.9 1.857
Compression: 604 217.4 0.07306885756842463 3199748.6 1.853
Compression: 605 217.8 0.07295965896662268 3206455.2 1.85
Compression: 606 218.2 0.07284951278247644 3213244.6 1.846
Compression: 607 218.5 0.07273842191432345 3220117.1 1.843
Compression: 608 218.9 0.07262638929299356 3227073.5 1.839
Compression: 609 219.2 0.0725134178819194 3234114.3 1.835
Compression: 610 219.6 0.0723995106772468 3241240.2 1.832
Compression: 611 220.0 0.07228467070794473 3248451.6 1.828
Compression: 612 220.3 0.07216890103591427 3255749.4 1.824
Compression: 613 220.7 0.07205220475609801 3263134.0 1.821
Compression: 614 221.0 0.0719345849965879 3270606.2 1.817
Compression: 615 221.4 0.07181604491873295 3278166.6 1.813
Compression: 616 221.8 0.07169658771724668 3285815.8 1.809
Compression: 617 222.1 0.0715762166203129 3293554.6 1.805
Compression: 618 222.5 0.07145493488969185 3301383.5 1.801
Compression: 619 222.8 0.07133274582082497 3309303.3 1.797
Compression: 620 223.2 0.07120965274293883 3317314.8 1.793
Compression: 621 223.6 0.07108565901914876 3325418.5 1.789
Compression: 622 223.9 0.07096076804656073 3333615.2 1.785
Compression: 623 224.3 0.0708349832563734 3341905.6 1.781
Compression: 624 224.6 0.07070830811397813 3350290.5 1.777
Compression: 625 225.0 0.07058074611905904 3358770.7 1.773
Compression: 626 225.4 0.07045230080569093 3367346.8 1.769
Compression: 627 225.7 0.07032297574243716 3376019.6 1.765
Compression: 628 226.1 0.0701927745324457 3384790.0 1.761
Compression: 629 226.4 0.0700617008135444 3393658.6 1.756
Compression: 630 226.8 0.06992975825833474 3402626.3 1.752
Compression: 631 227.2 0.06979695057428464 3411694.0 1.748
Compression: 632 227.5 0.06966328150381991 3420862.3 1.744
Compression: 633 227.9 0.06952875482441427 3430132.2 1.739
Compression: 634 228.2 0.06939337434867802 3439504.5 1.735
Compression: 635 228.6 0.0692571439244453 3448980.1 1.731
Compression: 636 229.0 0.06912006743486028 3458559.7 1.726
Compression: 637 229.3 0.06898214879846096 3468244.4 1.722
Compression: 638 229.7 0.06884339196926245 3478034.9 1.717
Compression: 639 230.0 0.06870380093683812 3487932.1 1.713
Compression: 640 230.4 0.06856337972639898 3497937.1 1.708
Compression: 641 230.8 0.06842213239887206 3508050.6 1.704
Compression: 642 231.1 0.06828006305097625 3518273.7 1.699
Compression: 643 231.5 0.06813717581529737 3528607.2 1.694
Compression: 644 231.8 0.06799347486036013 3539052.2 1.69
Compression: 645 232.2 0.06784896439069983 3549609.5 1.685
Compression: 646 232.6 0.06770364864693104 3560280.3 1.681
Compression: 647 232.9 0.06755753190581466 3571065.5 1.676
Compression: 648 233.3 0.06741061848032329 3581966.0 1.671
Compression: 649 233.6 0.0672629127197042 3592983.0 1.666
Compression: 650 234.0 0.06711441900954086 3604117.4 1.662
Compression: 651 234.4 0.0669651417718116 3615370.3 1.657
Compression: 652 234.7 0.06681508546494684 3626742.8 1.652
Compression: 653 235.1 0.06666425458388367 3638235.9 1.647
Compression: 654 235.4 0.06651265366011885 3649850.8 1.642
Compression: 655 235.8 0.06636028726175856 3661588.5 1.637
Compression: 656 236.2 0.06620715999356712 3673450.2 1.632
Compression: 657 236.5 0.06605327649701213 3685436.9 1.627
Compression: 658 236.9 0.06589864145030849 3697550.0 1.622
Compression: 659 237.2 0.06574325956845879 3709790.4 1.617
Compression: 660 237.6 0.06558713560329216 3722159.4 1.612
Compression: 661 238.0 0.06543027434350038 3734658.2 1.607
Compression: 662 238.3 0.06527268061467116 3747288.0 1.602
Compression: 663 238.7 0.06511435927931927 3760050.0 1.597
Compression: 664 239.0 0.06495531523691483 3772945.4 1.592
Compression: 665 239.4 0.06479555342390905 3785975.6 1.587
Compression: 666 239.8 0.06463507881375732 3799141.8 1.582
Compression: 667 240.1 0.06447389641693925 3812445.2 1.577
Compression: 668 240.5 0.06431201128097655 3825887.3 1.571
Compression: 669 240.8 0.06414942849044757 3839469.2 1.566
Compression: 670 241.2 0.06398615316699917 3853192.4 1.561
Compression: 671 241.6 0.06382219046935586 3867058.2 1.556
Compression: 672 241.9 0.06365754559332591 3881068.0 1.55
Compression: 673 242.3 0.0634922237718043 3895223.1 1.545
Compression: 674 242.6 0.06332623027477313 3909525.1 1.54
Compression: 675 243.0 0.06315957040929872 3923975.3 1.534
Compression: 676 243.4 0.06299224951952542 3938575.1 1.529
Compression: 677 243.7 0.06282427298666707 3953326.1 1.523
Compression: 678 244.1 0.06265564622899442 3968229.6 1.518
Compression: 679 244.4 0.0624863747018199 3983287.3 1.513
Compression: 680 244.8 0.06231646389747921 3998500.7 1.507
Compression: 681 245.2 0.062145919345309476 4013871.2 1.502
Compression: 682 245.5 0.06197474661162418 4029400.5 1.496
Compression: 683 245.9 0.06180295129968472 4045090.1 1.49
Compression: 684 246.2 0.061630539049668934 4060941.6 1.485
Compression: 685 246.6 0.06145751553863581 4076956.7 1.479
Compression: 686 247.0 0.061283886480487125 4093137.0 1.474
Compression: 687 247.3 0.061109657625925407 4109484.1 1.468
Compression: 688 247.7 0.060934834762408546 4125999.8 1.463
Compression: 689 248.0 0.0607594237141011 4142685.8 1.457
Compression: 690 248.4 0.060583430341821475 4159543.7 1.451
Compression: 691 248.8 0.060406860542986225 4176575.4 1.446
Compression: 692 249.1 0.06022972025155029 4193782.6 1.44
Compression: 693 249.5 0.06005201543794389 4211167.1 1.434
Compression: 694 249.8 0.0598737521090054 4228730.7 1.428
Compression: 695 250.2 0.05969493630791107 4246475.3 1.423
Compression: 696 250.6 0.059515574114100404 4264402.8 1.417
Compression: 697 250.9 0.05933567164319848 4282515.0 1.411
Compression: 698 251.3 0.05915523504693389 4300813.8 1.405
Compression: 699 251.6 0.05897427051305328 4319301.2 1.399
Compression: 700 252.0 0.05879278426523188 4337979.1 1.394
Compression: 701 252.4 0.058610782562980204 4356849.6 1.388
Compression: 702 252.7 0.05842827170154709 4375914.6 1.382
Compression: 703 253.1 0.05824525801181836 4395176.2 1.376
Compression: 704 253.4 0.05806174786021231 4414636.5 1.37
Compression: 705 253.8 0.05787774764857045 4434297.5 1.364
Compression: 706 254.2 0.05769326381404475 4454161.3 1.358
Compression: 707 254.5 0.057508302828981 4474230.2 1.352
Compression: 708 254.9 0.05732287120079747 4494506.2 1.346
Compression: 709 255.2 0.05713697547186083 4514991.6 1.34
Compression: 710 255.6 0.05695062221935629 4535688.6 1.334
Compression: 711 256.0 0.05676381805515538 4556599.5 1.328
Compression: 712 256.3 0.05657656962567835 4577726.5 1.322
Compression: 713 256.7 0.05638888361175331 4599071.9 1.316
Compression: 714 257.0 0.056200766728470734 4620638.1 1.31
Compression: 715 257.4 0.056012225725034004 4642427.5 1.304
Compression: 716 257.8 0.055823267384605864 4664442.5 1.298
Compression: 717 258.1 0.055633898524150696 4686685.4 1.292
Compression: 718 258.5 0.05544412599427234 4709158.8 1.286
Compression: 719 258.8 0.05525395667904819 4731865.2 1.28
Compression: 720 259.2 0.05506339749585856 4754807.0 1.273
Compression: 721 259.6 0.05487245539521218 4777986.8 1.267
Compression: 722 259.9 0.054681137360567345 4801407.2 1.261
Compression: 723 260.3 0.054489450408148815 4825070.9 1.255
Compression: 724 260.6 0.054297401586760254 4848980.4 1.249
Compression: 725 261.0 0.0541049979775931 4873138.5 1.243
Compression: 726 261.4 0.053912246694029865 4897547.9 1.236
Compression: 727 261.7 0.05371915488144461 4922211.3 1.23
Compression: 728 262.1 0.05352572971699814 4947131.6 1.224
Compression: 729 262.4 0.05333197840942914 4972311.4 1.218
Compression: 730 262.8 0.053137908198841205 4997753.8 1.211
Compression: 731 263.2 0.05294352635648531 5023461.6 1.205
Compression: 732 263.5 0.05274884018453799 5049437.7 1.199
Compression: 733 263.9 0.05255385701587537 5075685.0 1.193
Compression: 734 264.2 0.05235858421384265 5102206.6 1.186
Compression: 735 264.6 0.05216302917201951 5129005.6 1.18
Compression: 736 265.0 0.05196719931398089 5156084.9 1.174
Compression: 737 265.3 0.05177110209305347 5183447.7 1.167
Compression: 738 265.7 0.05157474499206837 5211097.2 1.161
Compression: 739 266.0 0.05137813552310848 5239036.4 1.155
Compression: 740 266.4 0.051181281227252504 5267268.8 1.148
Compression: 741 266.8 0.05098418967431413 5295797.5 1.142
Compression: 742 267.1 0.050786868462576754 5324625.7 1.136
Compression: 743 267.5 0.050589325218524404 5353757.0 1.129
Compression: 744 267.8 0.0503915675965678 5383194.6 1.123
Compression: 745 268.2 0.05019360327876655 5412942.0 1.117
Compression: 746 268.6 0.04999543997454651 5443002.6 1.11
Compression: 747 268.9 0.04979708542041373 5473380.0 1.104
Compression: 748 269.3 0.04959854737966295 5504077.7 1.097
Compression: 749 269.6 0.04939983364208273 5535099.3 1.091
Compression: 750 270.0 0.04920095202365592 5566448.4 1.085
Compression: 751 270.4 0.04900191036625604 5598128.7 1.078
Compression: 752 270.7 0.04880271653733922 5630144.0 1.072
Compression: 753 271.1 0.04860337842963184 5662497.9 1.065
Compression: 754 271.4 0.048403903960814565 5695194.4 1.059
Compression: 755 271.8 0.04820430107320117 5728237.1 1.053
Compression: 756 272.2 0.048004577733413926 5761630.2 1.046
Compression: 757 272.5 0.047804741932054556 5795377.5 1.04
Compression: 758 272.9 0.04760480168337114 5829482.9 1.033
Compression: 759 273.2 0.04740476502492066 5863950.5 1.027
Compression: 760 273.6 0.04720464001722733 5898784.5 1.02
Compression: 761 274.0 0.04700443474343749 5933988.9 1.014
Compression: 762 274.3 0.04680415730896939 5969567.9 1.008
Compression: 763 274.7 0.046603815841159656 6005525.7 1.001
Discharge: 764 275.0 0.04640341848890565 6011475.8
Discharge: 765 275.4 0.04620297342230312 6011475.8
Discharge: 766 275.8 0.04600248883228086 6011475.8
Discharge: 767 276.1 0.045801972930230445 6011475.8
Discharge: 768 276.5 0.045601433947632566 6011475.8
Discharge: 769 276.8 0.04540088013567927 6011475.8
Discharge: 770 277.2 0.04520031976489231 6011475.8
Discharge: 771 277.6 0.04499976112473741 6011475.8
Discharge: 772 277.9 0.04479921252323493 6011475.8
Discharge: 773 278.3 0.04459868228656656 6011475.8
Discharge: 774 278.6 0.04439817875867825 6011475.8
Discharge: 775 279.0 0.04419771030087931 6011475.8
Discharge: 776 279.4 0.04399728529143781 6011475.8
Discharge: 777 279.7 0.0437969121251724 6011475.8
Discharge: 778 280.1 0.04359659921303983 6011475.8
Discharge: 779 280.4 0.043396354981719815 6011475.8
Discharge: 780 280.8 0.04319618787319546 6011475.8
Discharge: 781 281.2 0.0429961063443304 6011475.8
Discharge: 782 281.5 0.04279611886644224 6011475.8
Discharge: 783 281.9 0.04259623392487276 6011475.8
Discharge: 784 282.2 0.04239646001855449 6011475.8
Discharge: 785 282.6 0.042196805659573594 6011475.8
Discharge: 786 283.0 0.041997279372729714 6011475.8
Discharge: 787 283.3 0.041797889695092204 6011475.8
Discharge: 788 283.7 0.041598645175553256 6011475.8
Discharge: 789 284.0 0.04139955437437723 6011475.8
Discharge: 790 284.4 0.04120062586274735 6011475.8
Discharge: 791 284.8 0.04100186822230894 6011475.8
Discharge: 792 285.1 0.040803290044709166 6011475.8
Discharge: 793 285.5 0.040604899931134225 6011475.8
Discharge: 794 285.8 0.040406706491842644 6011475.8
Discharge: 795 286.2 0.04020871834569683 6011475.8
Discharge: 796 286.6 0.04001094411968974 6011475.8
Discharge: 797 286.9 0.03981339244847068 6011475.8
Discharge: 798 287.3 0.03961607197386624 6011475.8
Discharge: 799 287.6 0.03941899134439986 6011475.8
Discharge: 800 288.0 0.03922215921480772 6011475.8
Discharge: 801 288.4 0.03902558424555198 6011475.8
Discharge: 802 288.7 0.038829275102331695 6011475.8
Discharge: 803 289.1 0.03863324045559039 6011475.8
Discharge: 804 289.4 0.03843748898002148 6011475.8
Discharge: 805 289.8 0.03824202935407091 6011475.8
Discharge: 806 290.2 0.038046870259437336 6011475.8
Discharge: 807 290.5 0.03785202038056969 6011475.8
Discharge: 808 290.9 0.03765748840416238 6011475.8
Discharge: 809 291.2 0.037463283018648014 6011475.8
Discharge: 810 291.6 0.037269412913687974 6011475.8
Discharge: 811 292.0 0.03707588677966035 6011475.8
Discharge: 812 292.3 0.03688271330714605 6011475.8
Discharge: 813 292.7 0.03668990118641238 6011475.8
Discharge: 814 293.0 0.036497459106894475 6011475.8
Discharge: 815 293.4 0.03630539575667509 6011475.8
Discharge: 816 293.8 0.03611371982196179 6011475.8
Discharge: 817 294.1 0.035922439986562485 6011475.8
Discharge: 818 294.5 0.035731564931358935 6011475.8
Discharge: 819 294.8 0.03554110333377847 6011475.8
Discharge: 820 295.2 0.035351063867263846 6011475.8
Discharge: 821 295.6 0.03516145520074117 6011475.8
Discharge: 822 295.9 0.034972285998086494 6011475.8
Discharge: 823 296.3 0.03478356491759039 6011475.8
Discharge: 824 296.6 0.03459530061142109 6011475.8
Discharge: 825 297.0 0.034407501725086304 6011475.8
Discharge: 826 297.4 0.03422017689689289 6011475.8
Discharge: 827 297.7 0.034033334757405984 6011475.8
Discharge: 828 298.1 0.03384698392890614 6011475.8
Discharge: 829 298.4 0.03366113302484533 6011475.8
Discharge: 830 298.8 0.03347579064930174 6011475.8
Discharge: 831 299.2 0.033290965396433315 6011475.8
Discharge: 832 299.5 0.033106665849930335 6011475.8
Discharge: 833 299.9 0.03292290058246648 6011475.8
Discharge: 834 300.2 0.032739678155149686 6011475.8
Discharge: 835 300.6 0.032557007116970856 6011475.8
Discharge: 836 301.0 0.032374896004253 6011475.8
Discharge: 837 301.3 0.03219335334009852 6011475.8
Discharge: 838 301.7 0.03201238763383618 6011475.8
Discharge: 839 302.0 0.03183200738046727 6011475.8
Discharge: 840 302.4 0.03165222106011126 6011475.8
Discharge: 841 302.8 0.03147303713745035 6011475.8
Discharge: 842 303.1 0.03129446406117404 6011475.8
Discharge: 843 303.5 0.031116510263423186 6011475.8
Discharge: 844 303.8 0.030939184159233194 6011475.8
Discharge: 845 304.2 0.030762494145977235 6011475.8
Discharge: 846 304.6 0.030586448602809006 6011475.8
Discharge: 847 304.9 0.030411055890105634 6011475.8
Discharge: 848 305.3 0.0302363243489095 6011475.8
Discharge: 849 305.6 0.030062262300371012 6011475.8
Discharge: 850 306.0 0.029888878045190703 6011475.8
Discharge: 851 306.4 0.029716179863061364 6011475.8
Discharge: 852 306.7 0.029544176012110648 6011475.8
Discharge: 853 307.1 0.029372874728343195 6011475.8
Discharge: 854 307.4 0.029202284225083478 6011475.8
Discharge: 855 307.8 0.029032412692418613 6011475.8
Discharge: 856 308.2 0.028863268296641754 6011475.8
Discharge: 857 308.5 0.028694859179695328 6011475.8
Discharge: 858 308.9 0.028527193458615267 6011475.8
Discharge: 859 309.2 0.02836027922497579 6011475.8
Discharge: 860 309.6 0.028194124544333874 6011475.8
Discharge: 861 310.0 0.028028737455675478 6011475.8
Discharge: 862 310.3 0.027864125970861717 6011475.8
Discharge: 863 310.7 0.027700298074075994 6011475.8
Discharge: 864 311.0 0.02753726172127175 6011475.8
Discharge: 865 311.4 0.02737502483962178 6011475.8
Discharge: 866 311.8 0.02721359532696716 6011475.8
Discharge: 867 312.1 0.027052981051268563 6011475.8
Discharge: 868 312.5 0.026893189850057713 6011475.8
Discharge: 869 312.8 0.02673422952989032 6011475.8
Discharge: 870 313.2 0.026576107865799944 6011475.8
Discharge: 871 313.6 0.026418832600753252 6011475.8
Discharge: 872 313.9 0.02626241144510673 6011475.8
Discharge: 873 314.3 0.026106852076064235 6011475.8
Discharge: 874 314.6 0.025952162137136234 6011475.8
Discharge: 875 315.0 0.02579834923760074 6011475.8
Discharge: 876 315.4 0.025645420951965404 6011475.8
Discharge: 877 315.7 0.02549338481943136 6011475.8
Discharge: 878 316.1 0.025342248343358437 6011475.8
Discharge: 879 316.4 0.02519201899073268 6011475.8
Discharge: 880 316.8 0.025042704191634776 6011475.8
Discharge: 881 317.2 0.024894311338711252 6011475.8
Discharge: 882 317.5 0.02474684778664653 6011475.8
Discharge: 883 317.9 0.0246003208516377 6011475.8
Discharge: 884 318.2 0.024454737810870954 6011475.8
Discharge: 885 318.6 0.024310105902000032 6011475.8
Discharge: 886 319.0 0.024166432322626972 6011475.8
Discharge: 887 319.3 0.024023724229784424 6011475.8
Discharge: 888 319.7 0.02388198873942131 6011475.8
Discharge: 889 320.0 0.023741232925889328 6011475.8
Discharge: 890 320.4 0.023601463821433043 6011475.8
Discharge: 891 320.8 0.023462688415681415 6011475.8
Discharge: 892 321.1 0.023324913655142412 6011475.8
Discharge: 893 321.5 0.023188146442699713 6011475.8
Discharge: 894 321.8 0.023052393637112024 6011475.8
Discharge: 895 322.2 0.022917662052515164 6011475.8
Discharge: 896 322.6 0.022783958457926478 6011475.8
Discharge: 897 322.9 0.022651289576752408 6011475.8
Discharge: 898 323.3 0.02251966208629816 6011475.8
Discharge: 899 323.6 0.022389082617281078 6011475.8
Discharge: 900 324.0 0.022259557753345736 6011475.8
Discharge: 901 324.4 0.022131094030582926 6011475.8
Discharge: 902 324.7 0.02200369793705128 6011475.8
Discharge: 903 325.1 0.02187737591230156 6011475.8
Discharge: 904 325.4 0.021752134346904442 6011475.8
Discharge: 905 325.8 0.021627979581981437 6011475.8
Discharge: 906 326.2 0.021504917908738364 6011475.8
Discharge: 907 326.5 0.021382955568002956 6011475.8
Discharge: 908 326.9 0.02126209874976485 6011475.8
Discharge: 909 327.2 0.02114235359271937 6011475.8
Discharge: 910 327.6 0.02102372618381469 6011475.8
Discharge: 911 328.0 0.020906222557802195 6011475.8
Discharge: 912 328.3 0.020789848696790205 6011475.8
Discharge: 913 328.7 0.020674610529801508 6011475.8
Discharge: 914 329.0 0.02056051393233433 6011475.8
Discharge: 915 329.4 0.020447564725926716 6011475.8
Discharge: 916 329.8 0.020335768677724717 6011475.8
Discharge: 917 330.1 0.020225131500054176 6011475.8
Discharge: 918 330.5 0.02011565884999643 6011475.8
Discharge: 919 330.8 0.02000735632896741 6011475.8
Discharge: 920 331.2 0.01990022948230085 6011475.8
Discharge: 921 331.6 0.01979428379883545 6011475.8
Discharge: 922 331.9 0.019689524710505495 6011475.8
Discharge: 923 332.3 0.019585957591935647 6011475.8
Discharge: 924 332.6 0.019483587760040156 6011475.8
Discharge: 925 333.0 0.01938242047362528 6011475.8
Discharge: 926 333.4 0.019282460932996317 6011475.8
Discharge: 927 333.7 0.019183714279568657 6011475.8
Discharge: 928 334.1 0.019086185595482863 6011475.8
Discharge: 929 334.4 0.01898987990322409 6011475.8
Discharge: 930 334.8 0.01889480216524552 6011475.8
Discharge: 931 335.2 0.018800957283596268 6011475.8
Discharge: 932 335.5 0.018708350099553663 6011475.8
Discharge: 933 335.9 0.018616985393259327 6011475.8
Discharge: 934 336.2 0.018526867883360283 6011475.8
Discharge: 935 336.6 0.01843800222665429 6011475.8
Discharge: 936 337.0 0.018350393017739355 6011475.8
Discharge: 937 337.3 0.01826404478866801 6011475.8
Discharge: 938 337.7 0.018178962008606008 6011475.8
Discharge: 939 338.0 0.018095149083495615 6011475.8
Discharge: 940 338.4 0.01801261035572342 6011475.8
Discharge: 941 338.8 0.017931350103792952 6011475.8
Discharge: 942 339.1 0.017851372542001486 6011475.8
Discharge: 943 339.5 0.017772681820122347 6011475.8
Discharge: 944 339.8 0.017695282023091008 6011475.8
Discharge: 945 340.2 0.01761917717069673 6011475.8
Discharge: 946 340.6 0.01754437121727837 6011475.8
Discharge: 947 340.9 0.017470868051425472 6011475.8
Discharge: 948 341.3 0.017398671495683943 6011475.8
Discharge: 949 341.6 0.017327785306266576 6011475.8
Discharge: 950 342.0 0.017258213172768846 6011475.8
Discharge: 951 342.4 0.01718995871788901 6011475.8
Discharge: 952 342.7 0.017123025497153624 6011475.8
Discharge: 953 343.1 0.0170574169986482 6011475.8
Discharge: 954 343.4 0.01699313664275231 6011475.8
Discharge: 955 343.8 0.016930187781879977 6011475.8
Discharge: 956 344.2 0.016868573700225688 6011475.8
Discharge: 957 344.5 0.016808297613514264 6011475.8
Discharge: 958 344.9 0.016749362668757265 6011475.8
Discharge: 959 345.2 0.016691771944013438 6011475.8
Discharge: 960 345.6 0.016635528448154916 6011475.8
Discharge: 961 346.0 0.016580635120638308 6011475.8
Discharge: 962 346.3 0.016527094831281324 6011475.8
Discharge: 963 346.7 0.01647491038004426 6011475.8
Discharge: 964 347.0 0.016424084496816895 6011475.8
Discharge: 965 347.4 0.016374619841210837 6011475.8
Discharge: 966 347.8 0.016326519002356786 6011475.8
Discharge: 967 348.1 0.016279784498707626 6011475.8
Discharge: 968 348.5 0.01623441877784613 6011475.8
Discharge: 969 348.8 0.016190424216298845 6011475.8
Discharge: 970 349.2 0.016147803119354764 6011475.8
Discharge: 971 349.6 0.016106557720889647 6011475.8
Discharge: 972 349.9 0.01606669018319541 6011475.8
Discharge: 973 350.3 0.016028202596815724 6011475.8
Discharge: 974 350.6 0.015991096980385845 6011475.8
Discharge: 975 351.0 0.015955375280479203 6011475.8
Discharge: 976 351.4 0.015921039371458556 6011475.8
Discharge: 977 351.7 0.0158880910553328 6011475.8
Discharge: 978 352.1 0.015856532061619643 6011475.8
Discharge: 979 352.4 0.01582636404721349 6011475.8
Discharge: 980 352.8 0.015797588596258644 6011475.8
Discharge: 981 353.2 0.015770207220028667 6011475.8
Discharge: 982 353.5 0.015744221356810664 6011475.8
Discharge: 983 353.9 0.015719632371795574 6011475.8
Discharge: 984 354.2 0.015696441556973674 6011475.8
Discharge: 985 354.6 0.01567465013103596 6011475.8
Discharge: 986 355.0 0.015654259239280897 6011475.8
Discharge: 987 355.3 0.015635269953527008 6011475.8
Discharge: 988 355.7 0.015617683272030936 6011475.8
Discharge: 989 356.0 0.01560150011941078 6011475.8
Discharge: 990 356.4 0.015586721346575912 6011475.8
Discharge: 991 356.8 0.015573347730661503 6011475.8
Discharge: 992 357.1 0.015561379974969295 6011475.8
Discharge: 993 357.5 0.015550818708913661 6011475.8
Discharge: 994 357.8 0.015541664487973759 6011475.8
Discharge: 995 358.2 0.015533917793650629 6011475.8
Discharge: 996 358.6 0.015527579033430605 6011475.8
Discharge: 997 358.9 0.015522648540754217 6011475.8
Discharge: 998 359.3 0.015519126574990454 6011475.8
Discharge: 999 359.6 0.01551701332141714 6011475.8
Discharge: 1000 360.0 0.015516308891206561 6011475.8
Expansion: 1 0.4 0.01551701332141714 6011093.7
Expansion: 2 0.7 0.015519126574990454 6009947.8
Expansion: 3 1.1 0.015522648540754217 6008038.8
Expansion: 4 1.4 0.015527579033430605 6005368.2
Expansion: 5 1.8 0.015533917793650629 6001937.7
Expansion: 6 2.2 0.015541664487973759 5997749.8
Expansion: 7 2.5 0.015550818708913661 5992807.5
Expansion: 8 2.9 0.015561379974969295 5987114.1
Expansion: 9 3.2 0.015573347730661503 5980673.8
Expansion: 10 3.6 0.015586721346575912 5973490.9
Expansion: 11 4.0 0.01560150011941078 5965570.5
Expansion: 12 4.3 0.015617683272030936 5956918.1
Expansion: 13 4.7 0.015635269953527008 5947539.7
Expansion: 14 5.0 0.015654259239280897 5937441.7
Expansion: 15 5.4 0.01567465013103596 5926631.0
Expansion: 16 5.8 0.015696441556973674 5915115.0
Expansion: 17 6.1 0.015719632371795574 5902901.6
Expansion: 18 6.5 0.015744221356810664 5889999.0
Expansion: 19 6.8 0.015770207220028667 5876415.9
Expansion: 20 7.2 0.015797588596258644 5862161.3
Expansion: 21 7.6 0.01582636404721349 5847244.8
Expansion: 22 7.9 0.015856532061619643 5831676.1
Expansion: 23 8.3 0.0158880910553328 5815465.4
Expansion: 24 8.6 0.015921039371458556 5798623.4
Expansion: 25 9.0 0.015955375280479203 5781160.9
Expansion: 26 9.4 0.015991096980385845 5763089.0
Expansion: 27 9.7 0.016028202596815724 5744419.3
Expansion: 28 10.1 0.01606669018319541 5725163.6
Expansion: 29 10.4 0.016106557720889647 5705333.8
Expansion: 30 10.8 0.016147803119354764 5684942.3
Expansion: 31 11.2 0.016190424216298845 5664001.6
Expansion: 32 11.5 0.01623441877784613 5642524.4
Expansion: 33 11.9 0.016279784498707626 5620523.6
Expansion: 34 12.2 0.016326519002356786 5598012.3
Expansion: 35 12.6 0.016374619841210837 5575003.8
Expansion: 36 13.0 0.016424084496816895 5551511.5
Expansion: 37 13.3 0.01647491038004426 5527549.0
Expansion: 38 13.7 0.01652709483128137 5503129.8
Expansion: 39 14.0 0.016580635120638308 5478267.8
Expansion: 40 14.4 0.016635528448154916 5452976.7
Expansion: 41 14.8 0.016691771944013438 5427270.5
Expansion: 42 15.1 0.016749362668757265 5401163.0
Expansion: 43 15.5 0.016808297613514264 5374668.3
Expansion: 44 15.8 0.016868573700225688 5347800.3
Expansion: 45 16.2 0.016930187781880022 5320572.9
Expansion: 46 16.6 0.01699313664275231 5293000.3
Expansion: 47 16.9 0.0170574169986482 5265096.2
Expansion: 48 17.3 0.017123025497153624 5236874.7
Expansion: 49 17.6 0.01718995871788901 5208349.5
Expansion: 50 18.0 0.017258213172768846 5179534.4
Expansion: 51 18.4 0.017327785306266576 5150443.2
Expansion: 52 18.7 0.017398671495683943 5121089.5
Expansion: 53 19.1 0.017470868051425472 5091486.6
Expansion: 54 19.4 0.01754437121727837 5061648.2
Expansion: 55 19.8 0.01761917717069673 5031587.3
Expansion: 56 20.2 0.017695282023091008 5001317.2
Expansion: 57 20.5 0.017772681820122347 4970850.9
Expansion: 58 20.9 0.017851372542001486 4940201.1
Expansion: 59 21.2 0.017931350103792952 4909380.6
Expansion: 60 21.6 0.01801261035572342 4878401.8
Expansion: 61 22.0 0.018095149083495615 4847277.2
Expansion: 62 22.3 0.018178962008606008 4816018.8
Expansion: 63 22.7 0.01826404478866801 4784638.6
Expansion: 64 23.0 0.018350393017739355 4753148.3
Expansion: 65 23.4 0.01843800222665429 4721559.6
Expansion: 66 23.8 0.018526867883360283 4689883.8
Expansion: 67 24.1 0.018616985393259327 4658131.9
Expansion: 68 24.5 0.018708350099553663 4626315.0
Expansion: 69 24.8 0.018800957283596268 4594443.7
Expansion: 70 25.2 0.01889480216524552 4562528.6
Expansion: 71 25.6 0.01898987990322409 4530579.8
Expansion: 72 25.9 0.019086185595482863 4498607.3
Expansion: 73 26.3 0.019183714279568657 4466621.1
Expansion: 74 26.6 0.019282460932996317 4434630.5
Expansion: 75 27.0 0.01938242047362528 4402645.0
Expansion: 76 27.4 0.019483587760040156 4370673.7
Expansion: 77 27.7 0.019585957591935647 4338725.3
Expansion: 78 28.1 0.019689524710505495 4306808.5
Expansion: 79 28.4 0.01979428379883545 4274931.7
Expansion: 80 28.8 0.01990022948230085 4243102.9
Expansion: 81 29.2 0.02000735632896741 4211330.2
Expansion: 82 29.5 0.02011565884999643 4179621.2
Expansion: 83 29.9 0.020225131500054176 4147983.2
Expansion: 84 30.2 0.020335768677724717 4116423.6
Expansion: 85 30.6 0.020447564725926716 4084949.2
Expansion: 86 31.0 0.02056051393233438 4053566.8
Expansion: 87 31.3 0.020674610529801508 4022282.9
Expansion: 88 31.7 0.020789848696790205 3991103.8
Expansion: 89 32.0 0.020906222557802195 3960035.6
Expansion: 90 32.4 0.021023726183814734 3929084.0
Expansion: 91 32.8 0.02114235359271937 3898254.8
Expansion: 92 33.1 0.02126209874976485 3867553.3
Expansion: 93 33.5 0.021382955568002956 3836984.6
Expansion: 94 33.8 0.021504917908738364 3806553.9
Expansion: 95 34.2 0.021627979581981437 3776265.8
Expansion: 96 34.6 0.021752134346904442 3746124.9
Expansion: 97 34.9 0.02187737591230156 3716135.7
Expansion: 98 35.3 0.02200369793705128 3686302.3
Expansion: 99 35.6 0.022131094030582926 3656628.6
Expansion: 100 36.0 0.022259557753345736 3627118.5
Expansion: 101 36.4 0.022389082617281078 3597775.6
Expansion: 102 36.7 0.02251966208629816 3568603.3
Expansion: 103 37.1 0.022651289576752408 3539604.8
Expansion: 104 37.4 0.022783958457926478 3510783.4
Expansion: 105 37.8 0.022917662052515164 3482141.8
Expansion: 106 38.2 0.023052393637112024 3453682.8
Expansion: 107 38.5 0.023188146442699713 3425409.0
Expansion: 108 38.9 0.023324913655142412 3397322.9
Expansion: 109 39.2 0.023462688415681415 3369426.6
Expansion: 110 39.6 0.023601463821433043 3341722.4
Expansion: 111 40.0 0.023741232925889328 3314212.2
Expansion: 112 40.3 0.02388198873942131 3286897.8
Expansion: 113 40.7 0.024023724229784424 3259781.0
Expansion: 114 41.0 0.024166432322626972 3232863.2
Expansion: 115 41.4 0.024310105902000077 3206146.0
Expansion: 116 41.8 0.024454737810870954 3179630.6
Expansion: 117 42.1 0.0246003208516377 3153318.3
Expansion: 118 42.5 0.02474684778664653 3127210.0
Expansion: 119 42.8 0.024894311338711252 3101306.7
Expansion: 120 43.2 0.02504270419163482 3075609.4
Expansion: 121 43.6 0.02519201899073268 3050118.6
Expansion: 122 43.9 0.025342248343358437 3024835.0
Expansion: 123 44.3 0.02549338481943136 2999759.1
Expansion: 124 44.6 0.025645420951965404 2974891.4
Expansion: 125 45.0 0.02579834923760074 2950232.2
Expansion: 126 45.4 0.025952162137136234 2925781.7
Expansion: 127 45.7 0.026106852076064235 2901540.1
Expansion: 128 46.1 0.02626241144510673 2877507.4
Suction: 129 46.4 0.026418832600753252 2876290.4
Suction: 130 46.8 0.026576107865799944 2876290.4
Suction: 131 47.2 0.02673422952989032 2876290.4
Suction: 132 47.5 0.026893189850057713 2876290.4
Suction: 133 47.9 0.027052981051268563 2876290.4
Suction: 134 48.2 0.027213595326967113 2876290.4
Suction: 135 48.6 0.02737502483962178 2876290.4
Suction: 136 49.0 0.02753726172127184 2876290.4
Suction: 137 49.3 0.027700298074075994 2876290.4
Suction: 138 49.7 0.027864125970861717 2876290.4
Suction: 139 50.0 0.028028737455675478 2876290.4
Suction: 140 50.4 0.028194124544333874 2876290.4
Suction: 141 50.8 0.02836027922497574 2876290.4
Suction: 142 51.1 0.028527193458615267 2876290.4
Suction: 143 51.5 0.028694859179695328 2876290.4
Suction: 144 51.8 0.0288632682966418 2876290.4
Suction: 145 52.2 0.029032412692418658 2876290.4
Suction: 146 52.6 0.029202284225083478 2876290.4
Suction: 147 52.9 0.029372874728343195 2876290.4
Suction: 148 53.3 0.029544176012110648 2876290.4
Suction: 149 53.6 0.029716179863061364 2876290.4
Suction: 150 54.0 0.029888878045190703 2876290.4
Suction: 151 54.4 0.030062262300371012 2876290.4
Suction: 152 54.7 0.0302363243489095 2876290.4
Suction: 153 55.1 0.030411055890105634 2876290.4
Suction: 154 55.4 0.030586448602809055 2876290.4
Suction: 155 55.8 0.030762494145977235 2876290.4
Suction: 156 56.2 0.030939184159233194 2876290.4
Suction: 157 56.5 0.031116510263423186 2876290.4
Suction: 158 56.9 0.03129446406117409 2876290.4
Suction: 159 57.2 0.03147303713745035 2876290.4
Suction: 160 57.6 0.031652221060111306 2876290.4
Suction: 161 58.0 0.03183200738046737 2876290.4
Suction: 162 58.3 0.03201238763383618 2876290.4
Suction: 163 58.7 0.03219335334009852 2876290.4
Suction: 164 59.0 0.032374896004253 2876290.4
Suction: 165 59.4 0.032557007116970856 2876290.4
Suction: 166 59.8 0.032739678155149686 2876290.4
Suction: 167 60.1 0.03292290058246648 2876290.4
Suction: 168 60.5 0.033106665849930335 2876290.4
Suction: 169 60.8 0.033290965396433315 2876290.4
Suction: 170 61.2 0.03347579064930174 2876290.4
Suction: 171 61.6 0.03366113302484533 2876290.4
Suction: 172 61.9 0.03384698392890614 2876290.4
Suction: 173 62.3 0.034033334757405984 2876290.4
Suction: 174 62.6 0.03422017689689289 2876290.4
Suction: 175 63.0 0.03440750172508626 2876290.4
Suction: 176 63.4 0.03459530061142109 2876290.4
Suction: 177 63.7 0.03478356491759039 2876290.4
Suction: 178 64.1 0.034972285998086494 2876290.4
Suction: 179 64.4 0.03516145520074121 2876290.4
Suction: 180 64.8 0.035351063867263846 2876290.4
Suction: 181 65.2 0.03554110333377847 2876290.4
Suction: 182 65.5 0.035731564931358935 2876290.4
Suction: 183 65.9 0.035922439986562485 2876290.4
Suction: 184 66.2 0.03611371982196179 2876290.4
Suction: 185 66.6 0.03630539575667509 2876290.4
Suction: 186 67.0 0.036497459106894475 2876290.4
Suction: 187 67.3 0.03668990118641238 2876290.4
Suction: 188 67.7 0.03688271330714609 2876290.4
Suction: 189 68.0 0.03707588677966035 2876290.4
Suction: 190 68.4 0.037269412913687974 2876290.4
Suction: 191 68.8 0.037463283018648014 2876290.4
Suction: 192 69.1 0.03765748840416238 2876290.4
Suction: 193 69.5 0.03785202038056969 2876290.4
Suction: 194 69.8 0.038046870259437336 2876290.4
Suction: 195 70.2 0.03824202935407091 2876290.4
Suction: 196 70.6 0.03843748898002148 2876290.4
Suction: 197 70.9 0.03863324045559043 2876290.4
Suction: 198 71.3 0.038829275102331695 2876290.4
Suction: 199 71.6 0.03902558424555202 2876290.4
Suction: 200 72.0 0.03922215921480772 2876290.4
Suction: 201 72.4 0.03941899134439986 2876290.4
Suction: 202 72.7 0.03961607197386624 2876290.4
Suction: 203 73.1 0.03981339244847068 2876290.4
Suction: 204 73.4 0.040010944119689786 2876290.4
Suction: 205 73.8 0.04020871834569683 2876290.4
Suction: 206 74.2 0.04040670649184269 2876290.4
Suction: 207 74.5 0.040604899931134225 2876290.4
Suction: 208 74.9 0.040803290044709166 2876290.4
Suction: 209 75.2 0.04100186822230894 2876290.4
Suction: 210 75.6 0.04120062586274735 2876290.4
Suction: 211 76.0 0.04139955437437723 2876290.4
Suction: 212 76.3 0.041598645175553256 2876290.4
Suction: 213 76.7 0.04179788969509225 2876290.4
Suction: 214 77.0 0.041997279372729714 2876290.4
Suction: 215 77.4 0.042196805659573594 2876290.4
Suction: 216 77.8 0.04239646001855449 2876290.4
Suction: 217 78.1 0.04259623392487276 2876290.4
Suction: 218 78.5 0.04279611886644224 2876290.4
Suction: 219 78.8 0.0429961063443304 2876290.4
Suction: 220 79.2 0.043196187873195506 2876290.4
Suction: 221 79.6 0.043396354981719815 2876290.4
Suction: 222 79.9 0.04359659921303983 2876290.4
Suction: 223 80.3 0.0437969121251724 2876290.4
Suction: 224 80.6 0.04399728529143781 2876290.4
Suction: 225 81.0 0.04419771030087931 2876290.4
Suction: 226 81.4 0.04439817875867825 2876290.4
Suction: 227 81.7 0.044598682286566514 2876290.4
Suction: 228 82.1 0.04479921252323498 2876290.4
Suction: 229 82.4 0.04499976112473741 2876290.4
Suction: 230 82.8 0.04520031976489231 2876290.4
Suction: 231 83.2 0.04540088013567927 2876290.4
Suction: 232 83.5 0.045601433947632566 2876290.4
Suction: 233 83.9 0.045801972930230445 2876290.4
Suction: 234 84.2 0.04600248883228086 2876290.4
Suction: 235 84.6 0.04620297342230312 2876290.4
Suction: 236 85.0 0.04640341848890565 2876290.4
Suction: 237 85.3 0.0466038158411597 2876290.4
Suction: 238 85.7 0.04680415730896939 2876290.4
Suction: 239 86.0 0.04700443474343749 2876290.4
Suction: 240 86.4 0.04720464001722738 2876290.4
Suction: 241 86.8 0.04740476502492066 2876290.4
Suction: 242 87.1 0.04760480168337114 2876290.4
Suction: 243 87.5 0.047804741932054556 2876290.4
Suction: 244 87.8 0.048004577733413926 2876290.4
Suction: 245 88.2 0.04820430107320117 2876290.4
Suction: 246 88.6 0.048403903960814565 2876290.4
Suction: 247 88.9 0.04860337842963189 2876290.4
Suction: 248 89.3 0.04880271653733922 2876290.4
Suction: 249 89.6 0.04900191036625604 2876290.4
Suction: 250 90.0 0.04920095202365592 2876290.4
Suction: 251 90.4 0.04939983364208273 2876290.4
Suction: 252 90.7 0.04959854737966295 2876290.4
Suction: 253 91.1 0.04979708542041373 2876290.4
Suction: 254 91.4 0.04999543997454651 2876290.4
Suction: 255 91.8 0.05019360327876655 2876290.4
Suction: 256 92.2 0.0503915675965678 2876290.4
Suction: 257 92.5 0.050589325218524404 2876290.4
Suction: 258 92.9 0.050786868462576754 2876290.4
Suction: 259 93.2 0.05098418967431409 2876290.4
Suction: 260 93.6 0.051181281227252504 2876290.4
Suction: 261 94.0 0.05137813552310848 2876290.4
Suction: 262 94.3 0.05157474499206837 2876290.4
Suction: 263 94.7 0.05177110209305347 2876290.4
Suction: 264 95.0 0.05196719931398089 2876290.4
Suction: 265 95.4 0.05216302917201951 2876290.4
Suction: 266 95.8 0.05235858421384265 2876290.4
Suction: 267 96.1 0.05255385701587537 2876290.4
Suction: 268 96.5 0.05274884018453799 2876290.4
Suction: 269 96.8 0.05294352635648531 2876290.4
Suction: 270 97.2 0.053137908198841254 2876290.4
Suction: 271 97.6 0.05333197840942914 2876290.4
Suction: 272 97.9 0.053525729716998184 2876290.4
Suction: 273 98.3 0.05371915488144461 2876290.4
Suction: 274 98.6 0.053912246694029865 2876290.4
Suction: 275 99.0 0.05410499797759305 2876290.4
Suction: 276 99.4 0.0542974015867603 2876290.4
Suction: 277 99.7 0.054489450408148815 2876290.4
Suction: 278 100.1 0.054681137360567345 2876290.4
Suction: 279 100.4 0.05487245539521218 2876290.4
Suction: 280 100.8 0.05506339749585856 2876290.4
Suction: 281 101.2 0.055253956679048234 2876290.4
Suction: 282 101.5 0.05544412599427234 2876290.4
Suction: 283 101.9 0.055633898524150696 2876290.4
Suction: 284 102.2 0.055823267384605864 2876290.4
Suction: 285 102.6 0.056012225725034004 2876290.4
Suction: 286 103.0 0.056200766728470734 2876290.4
Suction: 287 103.3 0.05638888361175331 2876290.4
Suction: 288 103.7 0.05657656962567835 2876290.4
Suction: 289 104.0 0.05676381805515538 2876290.4
Suction: 290 104.4 0.05695062221935629 2876290.4
Suction: 291 104.8 0.05713697547186083 2876290.4
Suction: 292 105.1 0.05732287120079752 2876290.4
Suction: 293 105.5 0.057508302828981 2876290.4
Suction: 294 105.8 0.05769326381404475 2876290.4
Suction: 295 106.2 0.05787774764857045 2876290.4
Suction: 296 106.6 0.05806174786021231 2876290.4
Suction: 297 106.9 0.05824525801181836 2876290.4
Suction: 298 107.3 0.05842827170154709 2876290.4
Suction: 299 107.6 0.05861078256298025 2876290.4
Suction: 300 108.0 0.05879278426523188 2876290.4
Suction: 301 108.4 0.05897427051305328 2876290.4
Suction: 302 108.7 0.05915523504693389 2876290.4
Suction: 303 109.1 0.05933567164319848 2876290.4
Suction: 304 109.4 0.059515574114100404 2876290.4
Suction: 305 109.8 0.05969493630791107 2876290.4
Suction: 306 110.2 0.0598737521090054 2876290.4
Suction: 307 110.5 0.06005201543794389 2876290.4
Suction: 308 110.9 0.06022972025155029 2876290.4
Suction: 309 111.2 0.060406860542986225 2876290.4
Suction: 310 111.6 0.060583430341821475 2876290.4
Suction: 311 112.0 0.0607594237141011 2876290.4
Suction: 312 112.3 0.060934834762408546 2876290.4
Suction: 313 112.7 0.061109657625925407 2876290.4
Suction: 314 113.0 0.061283886480487125 2876290.4
Suction: 315 113.4 0.061457515538635855 2876290.4
Suction: 316 113.8 0.061630539049668934 2876290.4
Suction: 317 114.1 0.06180295129968472 2876290.4
Suction: 318 114.5 0.06197474661162418 2876290.4
Suction: 319 114.8 0.062145919345309476 2876290.4
Suction: 320 115.2 0.06231646389747921 2876290.4
Suction: 321 115.6 0.06248637470181995 2876290.4
Suction: 322 115.9 0.06265564622899442 2876290.4
Suction: 323 116.3 0.06282427298666712 2876290.4
Suction: 324 116.6 0.06299224951952542 2876290.4
Suction: 325 117.0 0.06315957040929866 2876290.4
Suction: 326 117.4 0.06332623027477313 2876290.4
Suction: 327 117.7 0.06349222377180425 2876290.4
Suction: 328 118.1 0.06365754559332591 2876290.4
Suction: 329 118.4 0.06382219046935586 2876290.4
Suction: 330 118.8 0.06398615316699917 2876290.4
Suction: 331 119.2 0.06414942849044757 2876290.4
Suction: 332 119.5 0.06431201128097655 2876290.4
Suction: 333 119.9 0.06447389641693925 2876290.4
Suction: 334 120.2 0.06463507881375732 2876290.4
Suction: 335 120.6 0.06479555342390905 2876290.4
Suction: 336 121.0 0.06495531523691483 2876290.4
Suction: 337 121.3 0.06511435927931927 2876290.4
Suction: 338 121.7 0.06527268061467116 2876290.4
Suction: 339 122.0 0.06543027434350038 2876290.4
Suction: 340 122.4 0.06558713560329216 2876290.4
Suction: 341 122.8 0.06574325956845879 2876290.4
Suction: 342 123.1 0.06589864145030849 2876290.4
Suction: 343 123.5 0.06605327649701213 2876290.4
Suction: 344 123.8 0.06620715999356712 2876290.4
Suction: 345 124.2 0.06636028726175856 2876290.4
Suction: 346 124.6 0.06651265366011885 2876290.4
Suction: 347 124.9 0.06666425458388373 2876290.4
Suction: 348 125.3 0.06681508546494684 2876290.4
Suction: 349 125.6 0.0669651417718116 2876290.4
Suction: 350 126.0 0.06711441900954086 2876290.4
Suction: 351 126.4 0.0672629127197042 2876290.4
Suction: 352 126.7 0.06741061848032329 2876290.4
Suction: 353 127.1 0.0675575319058147 2876290.4
Suction: 354 127.4 0.06770364864693104 2876290.4
Suction: 355 127.8 0.06784896439069983 2876290.4
Suction: 356 128.2 0.06799347486036017 2876290.4
Suction: 357 128.5 0.06813717581529732 2876290.4
Suction: 358 128.9 0.0682800630509763 2876290.4
Suction: 359 129.2 0.06842213239887206 2876290.4
Suction: 360 129.6 0.06856337972639898 2876290.4
Suction: 361 130.0 0.06870380093683812 2876290.4
Suction: 362 130.3 0.06884339196926245 2876290.4
Suction: 363 130.7 0.06898214879846096 2876290.4
Suction: 364 131.0 0.06912006743486028 2876290.4
Suction: 365 131.4 0.06925714392444536 2876290.4
Suction: 366 131.8 0.06939337434867798 2876290.4
Suction: 367 132.1 0.06952875482441427 2876290.4
Suction: 368 132.5 0.06966328150381991 2876290.4
Suction: 369 132.8 0.06979695057428464 2876290.4
Suction: 370 133.2 0.06992975825833474 2876290.4
Suction: 371 133.6 0.0700617008135444 2876290.4
Suction: 372 133.9 0.0701927745324457 2876290.4
Suction: 373 134.3 0.07032297574243716 2876290.4
Suction: 374 134.6 0.07045230080569093 2876290.4
Suction: 375 135.0 0.07058074611905904 2876290.4
Suction: 376 135.4 0.07070830811397813 2876290.4
Suction: 377 135.7 0.0708349832563734 2876290.4
Suction: 378 136.1 0.07096076804656073 2876290.4
Suction: 379 136.4 0.07108565901914876 2876290.4
Suction: 380 136.8 0.07120965274293883 2876290.4
Suction: 381 137.2 0.07133274582082497 2876290.4
Suction: 382 137.5 0.07145493488969185 2876290.4
Suction: 383 137.9 0.0715762166203129 2876290.4
Suction: 384 138.2 0.07169658771724668 2876290.4
Suction: 385 138.6 0.07181604491873295 2876290.4
Suction: 386 139.0 0.0719345849965879 2876290.4
Suction: 387 139.3 0.07205220475609807 2876290.4
Suction: 388 139.7 0.0721689010359143 2876290.4
Suction: 389 140.0 0.07228467070794473 2876290.4
Suction: 390 140.4 0.0723995106772468 2876290.4
Suction: 391 140.8 0.0725134178819194 2876290.4
Suction: 392 141.1 0.07262638929299356 2876290.4
Suction: 393 141.5 0.07273842191432345 2876290.4
Suction: 394 141.8 0.07284951278247644 2876290.4
Suction: 395 142.2 0.07295965896662272 2876290.4
Suction: 396 142.6 0.07306885756842463 2876290.4
Suction: 397 142.9 0.07317710572192579 2876290.4
Suction: 398 143.3 0.07328440059343949 2876290.4
Suction: 399 143.6 0.07339073938143718 2876290.4
Suction: 400 144.0 0.07349611931643638 2876290.4
Suction: 401 144.4 0.07360053766088867 2876290.4
Suction: 402 144.7 0.0737039917090674 2876290.4
Suction: 403 145.1 0.07380647878695495 2876290.4
Suction: 404 145.4 0.0739079962521306 2876290.4
Suction: 405 145.8 0.07400854149365743 2876290.4
Suction: 406 146.2 0.07410811193196983 2876290.4
Suction: 407 146.5 0.07420670501876087 2876290.4
Suction: 408 146.9 0.07430431823686966 2876290.4
Suction: 409 147.2 0.0744009491001686 2876290.4
Suction: 410 147.6 0.07449659515345106 2876290.4
Suction: 411 148.0 0.07459125397231894 2876290.4
Suction: 412 148.3 0.07468492316307059 2876290.4
Suction: 413 148.7 0.07477760036258875 2876290.4
Suction: 414 149.0 0.07486928323822906 2876290.4
Suction: 415 149.4 0.07495996948770815 2876290.4
Suction: 416 149.8 0.07504965683899308 2876290.4
Suction: 417 150.1 0.07513834305019006 2876290.4
Suction: 418 150.5 0.0752260259094343 2876290.4
Suction: 419 150.8 0.0753127032347798 2876290.4
Suction: 420 151.2 0.07539837287408986 2876290.4
Suction: 421 151.6 0.07548303270492797 2876290.4
Suction: 422 151.9 0.07556668063444921 2876290.4
Suction: 423 152.3 0.07564931459929167 2876290.4
Suction: 424 152.6 0.07573093256546962 2876290.4
Suction: 425 153.0 0.07581153252826622 2876290.4
Suction: 426 153.4 0.07589111251212688 2876290.4
Suction: 427 153.7 0.07596967057055405 2876290.4
Suction: 428 154.1 0.07604720478600188 2876290.4
Suction: 429 154.4 0.07612371326977198 2876290.4
Suction: 430 154.8 0.07619919416190969 2876290.4
Suction: 431 155.2 0.07627364563110163 2876290.4
Suction: 432 155.5 0.0763470658745732 2876290.4
Suction: 433 155.9 0.07641945311798747 2876290.4
Suction: 434 156.2 0.07649080561534499 2876290.4
Suction: 435 156.6 0.07656112164888411 2876290.4
Suction: 436 157.0 0.0766303995289822 2876290.4
Suction: 437 157.3 0.07669863759405812 2876290.4
Suction: 438 157.7 0.07676583421047549 2876290.4
Suction: 439 158.0 0.07683198777244679 2876290.4
Suction: 440 158.4 0.07689709670193841 2876290.4
Suction: 441 158.8 0.07696115944857711 2876290.4
Suction: 442 159.1 0.07702417448955722 2876290.4
Suction: 443 159.5 0.07708614032954876 2876290.4
Suction: 444 159.8 0.07714705550060715 2876290.4
Suction: 445 160.2 0.07720691856208332 2876290.4
Suction: 446 160.6 0.07726572810053592 2876290.4
Suction: 447 160.9 0.07732348272964351 2876290.4
Suction: 448 161.3 0.0773801810901191 2876290.4
Suction: 449 161.6 0.07743582184962489 2876290.4
Suction: 450 162.0 0.07749040370268899 2876290.4
Suction: 451 162.4 0.07754392537062287 2876290.4
Suction: 452 162.7 0.07759638560144036 2876290.4
Suction: 453 163.1 0.07764778316977783 2876290.4
Suction: 454 163.4 0.07769811687681571 2876290.4
Suction: 455 163.8 0.0777473855502011 2876290.4
Suction: 456 164.2 0.07779558804397235 2876290.4
Suction: 457 164.5 0.07784272323848396 2876290.4
Suction: 458 164.9 0.07788879004033392 2876290.4
Suction: 459 165.2 0.07793378738229195 2876290.4
Suction: 460 165.6 0.07797771422322894 2876290.4
Suction: 461 166.0 0.07802056954804802 2876290.4
Suction: 462 166.3 0.07806235236761765 2876290.4
Suction: 463 166.7 0.07810306171870483 2876290.4
Suction: 464 167.0 0.07814269666391119 2876290.4
Suction: 465 167.4 0.0781812562916096 2876290.4
Suction: 466 167.8 0.07821873971588299 2876290.4
Suction: 467 168.1 0.07825514607646389 2876290.4
Suction: 468 168.5 0.07829047453867614 2876290.4
Suction: 469 168.8 0.07832472429337825 2876290.4
Suction: 470 169.2 0.07835789455690745 2876290.4
Suction: 471 169.6 0.07838998457102633 2876290.4
Suction: 472 169.9 0.07842099360287046 2876290.4
Suction: 473 170.3 0.0784509209448977 2876290.4
Suction: 474 170.6 0.07847976591483924 2876290.4
Suction: 475 171.0 0.07850752785565224 2876290.4
Suction: 476 171.4 0.07853420613547395 2876290.4
Suction: 477 171.7 0.07855980014757767 2876290.4
Suction: 478 172.1 0.07858430931033017 2876290.4
Suction: 479 172.4 0.07860773306715105 2876290.4
Suction: 480 172.8 0.07863007088647325 2876290.4
Suction: 481 173.2 0.07865132226170593 2876290.4
Suction: 482 173.5 0.07867148671119849 2876290.4
Suction: 483 173.9 0.07869056377820648 2876290.4
Suction: 484 174.2 0.07870855303085919 2876290.4
Suction: 485 174.6 0.07872545406212918 2876290.4
Suction: 486 175.0 0.07874126648980288 2876290.4
Suction: 487 175.3 0.0787559899564538 2876290.4
Suction: 488 175.7 0.07876962412941672 2876290.4
Suction: 489 176.0 0.07878216870076404 2876290.4
Suction: 490 176.4 0.07879362338728363 2876290.4
Suction: 491 176.8 0.07880398793045862 2876290.4
Suction: 492 177.1 0.07881326209644898 2876290.4
Suction: 493 177.5 0.07882144567607438 2876290.4
Suction: 494 177.8 0.07882853848479941 2876290.4
Suction: 495 178.2 0.07883454036272036 2876290.4
Suction: 496 178.6 0.07883945117455346 2876290.4
Suction: 497 178.9 0.07884327080962526 2876290.4
Suction: 498 179.3 0.07884599918186487 2876290.4
Suction: 499 179.6 0.07884763622979733 2876290.4
Suction: 500 180.0 0.0788481819165395 2876290.4

