Capacity (head end) = 1.0

Compression: 501 180.4 0.18259899088711903 1927026.7 1.748
Compression: 502 180.7 0.18259493832378887 1927086.6 1.748
Compression: 503 181.1 0.18258818414965441 1927186.5 1.747
Compression: 504 181.4 0.1825787285118483 1927326.3 1.747
Compression: 505 181.8 0.18256657161637194 1927506.1 1.747
Compression: 506 182.2 0.18255171372811355 1927725.9 1.747
Compression: 507 182.5 0.18253415517086793 1927985.7 1.747
Compression: 508 182.9 0.1825138963273638 1928285.5 1.747
Compression: 509 183.2 0.1824909376392936 1928625.4 1.746
Compression: 510 183.6 0.1824652796073493 1929005.3 1.746
Compression: 511 184.0 0.18243692279126264 1929425.4 1.746
Compression: 512 184.3 0.18240586780984983 1929885.6 1.745
Compression: 513 184.7 0.18237211534106085 1930386.0 1.745
Compression: 514 185.0 0.1823356661220338 1930926.7 1.745
Compression: 515 185.4 0.18229652094915405 1931507.6 1.744
Compression: 516 185.8 0.18225468067811706 1932128.8 1.744
Compression: 517 186.1 0.1822101462239972 1932790.4 1.743
Compression: 518 186.5 0.18216291856132 1933492.5 1.743
Compression: 519 186.8 0.18211299872413997 1934235.0 1.742
Compression: 520 187.2 0.18206038780612183 1935018.1 1.742
Compression: 521 187.6 0.1820050869606277 1935841.9 1.741
Compression: 522 187.9 0.18194709740080822 1936706.3 1.74
Compression: 523 188.3 0.18188642039969727 1937611.5 1.74
Compression: 524 188.6 0.1818230572903128 1938557.5 1.739
Compression: 525 189.0 0.18175700946576195 1939544.5 1.738
Compression: 526 189.4 0.18168827837934848 1940572.5 1.737
Compression: 527 189.7 0.18161686554468798 1941641.6 1.737
Compression: 528 190.1 0.18154277253582501 1942751.8 1.736
Compression: 529 190.4 0.1814660009873551 1943903.4 1.735
Compression: 530 190.8 0.1813865525945525 1945096.3 1.734
Compression: 531 191.2 0.18130442911350023 1946330.8 1.733
Compression: 532 191.5 0.18121963236122568 1947606.8 1.732
Compression: 533 191.9 0.18113216421584066 1948924.5 1.731
Compression: 534 192.2 0.18104202661668514 1950284.0 1.73
Compression: 535 192.6 0.18094922156447443 1951685.5 1.729
Compression: 536 193.0 0.18085375112145324 1953129.0 1.728
Compression: 537 193.3 0.18075561741155066 1954614.7 1.727
Compression: 538 193.7 0.18065482262054114 1956142.7 1.726
Compression: 539 194.0 0.18055136899620952 1957713.2 1.725
Compression: 540 194.4 0.18044525884851922 1959326.2 1.724
Compression: 541 194.8 0.1803364945497853 1960981.9 1.723
Compression: 542 195.1 0.18022507853485117 1962680.5 1.721
Compression: 543 195.5 0.1801110133012686 1964422.1 1.72
Compression: 544 195.8 0.17999430140948341 1966206.8 1.719
Compression: 545 196.2 0.17987494548302224 1968034.8 1.717
Compression: 546 196.6 0.1797529482086865 1969906.3 1.716
Compression: 547 196.9 0.17962831233674678 1971821.5 1.715
Compression: 548 197.3 0.17950104068114342 1973780.4 1.713
Compression: 549 197.6 0.17937113611968936 1975783.3 1.712
Compression: 550 198.0 0.1792386015942775 1977830.4 1.71
Compression: 551 198.4 0.17910344011109072 1979921.7 1.709
Compression: 552 198.7 0.17896565474081644 1982057.6 1.707
Compression: 553 199.1 0.17882524861886395 1984238.2 1.706
Compression: 554 199.4 0.17868222494558544 1986463.6 1.704
Compression: 555 199.8 0.17853658698650016 1988734.1 1.703
Compression: 556 200.2 0.17838833807252247 1991049.9 1.701
Compression: 557 200.5 0.17823748160019254 1993411.2 1.699
Compression: 558 200.9 0.17808402103191034 1995818.2 1.698
Compression: 559 201.2 0.17792795989617383 1998271.0 1.696
Compression: 560 201.6 0.17776930178781827 2000770.0 1.694
Compression: 561 202.0 0.1776080503682608 2003315.3 1.692
Compression: 562 202.3 0.1774442093657461 2005907.2 1.69
Compression: 563 202.7 0.177277782575596 2008545.9 1.689
Compression: 564 203.0 0.17710877386046275 2011231.6 1.687
Compression: 565 203.4 0.17693718715058243 2013964.6 1.685
Compression: 566 203.8 0.17676302644403433 2016745.1 1.683
Compression: 567 204.1 0.17658629580700072 2019573.4 1.681
Compression: 568 204.5 0.17640699937403054 2022449.6 1.679
Compression: 569 204.8 0.1762251413483044 2025374.2 1.677
Compression: 570 205.2 0.1760407260019035 2028347.3 1.675
Compression: 571 205.6 0.1758537576760802 2031369.1 1.673
Compression: 572 205.9 0.17566424078153073 2034440.1 1.671
Compression: 573 206.3 0.17547217979867083 2037560.4 1.669
Compression: 574 206.6 0.175277579277913 2040730.3 1.666
Compression: 575 207.0 0.17508044383994636 2043950.2 1.664
Compression: 576 207.4 0.17488077817601852 2047220.3 1.662
Compression: 577 207.7 0.17467858704821887 2050540.8 1.66
Compression: 578 208.1 0.17447387528976513 2053912.2 1.658
Compression: 579 208.4 0.17426664780528964 2057334.7 1.655
Compression: 580 208.8 0.17405690957113024 2060808.7 1.653
Compression: 581 209.2 0.17384466563561995 2064334.4 1.651
Compression: 582 209.5 0.17362992111938055 2067912.1 1.648
Compression: 583 209.9 0.17341268121561632 2071542.3 1.646
Compression: 584 210.2 0.1731929511904099 2075225.2 1.643
Compression: 585 210.6 0.17297073638301966 2078961.2 1.641
Compression: 586 211.0 0.17274604220617745 2082750.5 1.638
Compression: 587 211.3 0.17251887414638886 2086593.7 1.636
Compression: 588 211.7 0.17228923776423405 2090491.0 1.633
Compression: 589 212.0 0.17205713869466896 2094442.8 1.631
Compression: 590 212.4 0.17182258264732894 2098449.4 1.628
Compression: 591 212.8 0.17158557540683209 2102511.3 1.626
Compression: 592 213.1 0.17134612283308354 2106628.7 1.623
Compression: 593 213.5 0.17110423086158164 2110802.2 1.62
Compression: 594 213.8 0.1708599055037229 2115032.1 1.617
Compression: 595 214.2 0.17061315284710957 2119318.7 1.615
Compression: 596 214.6 0.1703639790558553 2123662.6 1.612
Compression: 597 214.9 0.1701123903708936 2128064.0 1.609
Compression: 598 215.3 0.16985839311028494 2132523.5 1.606
Compression: 599 215.6 0.1696019936695245 2137041.4 1.604
Compression: 600 216.0 0.1693431985218504 2141618.2 1.601
Compression: 601 216.4 0.16908201421855157 2146254.3 1.598
Compression: 602 216.7 0.16881844738927534 2150950.1 1.595
Compression: 603 217.1 0.1685525047423356 2155706.2 1.592
Compression: 604 217.4 0.16828419306501965 2160522.9 1.589
Compression: 605 217.8 0.1680135192238958 2165400.7 1.586
Compression: 606 218.2 0.1677404901651191 2170340.2 1.583
Compression: 607 218.5 0.16746511291473914 2175341.7 1.58
Compression: 608 218.9 0.16718739457900303 2180405.7 1.577
Compression: 609 219.2 0.166907342344662 2185532.8 1.574
Compression: 610 219.6 0.1666249634792742 2190723.5 1.571
Compression: 611 220.0 0.16634026533150778 2195978.2 1.567
Compression: 612 220.3 0.1660532553314429 2201297.5 1.564
Compression: 613 220.7 0.16576394099087208 2206681.9 1.561
Compression: 614 221.0 0.1654723299035996 2212131.9 1.558
Compression: 615 221.4 0.16517842974573968 2217648.1 1.555
Compression: 616 221.8 0.16488224827601286 2223231.0 1.551
Compression: 617 222.1 0.16458379333604156 2228881.1 1.548
Compression: 618 222.5 0.16428307285064309 2234599.1 1.545
Compression: 619 222.8 0.1639800948281209 2240385.5 1.541
Compression: 620 223.2 0.16367486736055517 2246240.8 1.538
Compression: 621 223.6 0.16336739862409017 2252165.8 1.534
Compression: 622 223.9 0.16305769687921967 2258160.8 1.531
Compression: 623 224.3 0.1627457704710714 2264226.7 1.528
Compression: 624 224.6 0.1624316278296874 2270363.9 1.524
Compression: 625 225.0 0.1621152774703033 2276573.1 1.521
Compression: 626 225.4 0.16179672799362496 2282854.9 1.517
Compression: 627 225.7 0.16147598808610145 2289210.0 1.513
Compression: 628 226.1 0.16115306652019729 2295639.0 1.51
Compression: 629 226.4 0.16082797215465994 2302142.6 1.506
Compression: 630 226.8 0.1605007139347849 2308721.4 1.503
Compression: 631 227.2 0.1601713008926789 2315376.2 1.499
Compression: 632 227.5 0.15983974214751878 2322107.6 1.495
Compression: 633 227.9 0.15950604690580658 2328916.3 1.492
Compression: 634 228.2 0.15917022446162346 2335803.0 1.488
Compression: 635 228.6 0.1588322841968779 2342768.4 1.484
Compression: 636 229.0 0.15849223558155148 2349813.3 1.48
Compression: 637 229.3 0.15815008817394097 2356938.4 1.477
Compression: 638 229.7 0.15780585162089603 2364144.5 1.473
Compression: 639 230.0 0.15745953565805376 2371432.2 1.469
Compression: 640 230.4 0.1571111501100681 2378802.5 1.465
Compression: 641 230.8 0.15676070489083743 2386256.0 1.461
Compression: 642 231.1 0.15640821000372457 2393793.6 1.457
Compression: 643 231.5 0.1560536755417753 2401416.1 1.453
Compression: 644 231.8 0.15569711168793143 2409124.2 1.449
Compression: 645 232.2 0.15533852871523862 2416918.9 1.445
Compression: 646 232.6 0.15497793698705098 2424800.9 1.441
Compression: 647 232.9 0.15461534695722934 2432771.1 1.437
Compression: 648 233.3 0.154250769170336 2440830.3 1.433
Compression: 649 233.6 0.15388421426182336 2448979.6 1.429
Compression: 650 234.0 0.15351569295821868 2457219.6 1.425
Compression: 651 234.4 0.153145216077302 2465551.4 1.421
Compression: 652 234.7 0.1527727945282803 2473975.8 1.417
Compression: 653 235.1 0.1523984393119552 2482493.9 1.413
Compression: 654 235.4 0.1520221615208862 2491106.4 1.409
Compression: 655 235.8 0.15164397233954627 2499814.4 1.405
Compression: 656 236.2 0.1512638830444742 2508618.9 1.4
Compression: 657 236.5 0.15088190500441942 2517520.8 1.396
Compression: 658 236.9 0.1504980496804812 2526521.1 1.392
Compression: 659 237.2 0.15011232862624185 2535620.8 1.388
Compression: 660 237.6 0.149724753487894 2544821.0 1.383
Compression: 661 238.0 0.1493353360043612 2554122.8 1.379
Compression: 662 238.3 0.14894408800741196 2563527.0 1.375
Compression: 663 238.7 0.14855102142176843 2573034.9 1.37
Compression: 664 239.0 0.14815614826520646 2582647.5 1.366
Compression: 665 239.4 0.14775948064865124 2592366.0 1.361
Compression: 666 239.8 0.1473610307762645 2602191.3 1.357
Compression: 667 240.1 0.146960810945525 2612124.8 1.353
Compression: 668 240.5 0.14655883354730292 2622167.4 1.348
Compression: 669 240.8 0.1461551110659261 2632320.4 1.344
Compression: 670 241.2 0.14574965607923973 2642585.0 1.339
Compression: 671 241.6 0.14534248125865804 2652962.4 1.335
Compression: 672 241.9 0.14493359936920938 2663453.8 1.33
Compression: 673 242.3 0.1445230232695734 2674060.3 1.326
Compression: 674 242.6 0.14411076591210983 2684783.4 1.321
Compression: 675 243.0 0.1436968403428816 2695624.2 1.316
Compression: 676 243.4 0.14328125970166752 2706584.0 1.312
Compression: 677 243.7 0.14286403722196914 2717664.2 1.307
Compression: 678 244.1 0.14244518623100846 2728866.0 1.303
Compression: 679 244.4 0.14202472014971812 2740190.9 1.298
Compression: 680 244.8 0.14160265249272302 2751640.1 1.293
Compression: 681 245.2 0.14117899686831345 2763215.1 1.289
Compression: 682 245.5 0.14075376697841127 2774917.3 1.284
Compression: 683 245.9 0.14032697661852528 2786748.1 1.279
Compression: 684 246.2 0.13989863967769958 2798709.0 1.274
Compression: 685 246.6 0.13946877013845385 2810801.3 1.27
Compression: 686 247.0 0.13903738207671285 2823026.7 1.265
Compression: 687 247.3 0.13860448966172872 2835386.6 1.26
Compression: 688 247.7 0.13817010715599404 2847882.6 1.255
Compression: 689 248.0 0.1377342489151458 2860516.2 1.25
Compression: 690 248.4 0.13729692938785962 2873289.0 1.246
Compression: 691 248.8 0.13685816311573648 2886202.6 1.241
Compression: 692 249.1 0.13641796473317805 2899258.6 1.236
Compression: 693 249.5 0.135976348967255 2912458.7 1.231
Compression: 694 249.8 0.13553333063756323 2925804.5 1.226
Compression: 695 250.2 0.1350889246560738 2939297.8 1.221
Compression: 696 250.6 0.13464314602697036 2952940.2 1.216
Compression: 697 250.9 0.13419600984647884 2966733.6 1.211
Compression: 698 251.3 0.1337475313026867 2980679.7 1.206
Compression: 699 251.6 0.1332977256753521 2994780.3 1.201
Compression: 700 252.0 0.13284660833570486 3009037.2 1.196
Compression: 701 252.4 0.13239419474623473 3023452.3 1.191
Compression: 702 252.7 0.1319405004604726 3038027.4 1.186
Compression: 703 253.1 0.13148554112275931 3052764.6 1.181
Compression: 704 253.4 0.1310293324680067 3067665.6 1.176
Compression: 705 253.8 0.13057189032144537 3082732.6 1.171
Compression: 706 254.2 0.130113230598366 3097967.4 1.166
Compression: 707 254.5 0.12965336930384663 3113372.2 1.161
Compression: 708 254.9 0.1291923225324724 3128948.9 1.156
Compression: 709 255.2 0.12873010646804375 3144699.6 1.151
Compression: 710 255.6 0.1282667373832737 3160626.6 1.145
Compression: 711 256.0 0.12780223163947624 3176731.9 1.14
Compression: 712 256.3 0.1273366056862417 3193017.6 1.135
Compression: 713 256.7 0.1268698760611041 3209486.1 1.13
Compression: 714 257.0 0.12640205938919602 3226139.6 1.125
Compression: 715 257.4 0.1259331723828933 3242980.4 1.12
Compression: 716 257.8 0.12546323184144975 3260010.7 1.114
Compression: 717 258.1 0.12499225465061954 3277232.9 1.109
Compression: 718 258.5 0.12452025778227045 3294649.5 1.104
Compression: 719 258.8 0.12404725829398447 3312262.7 1.099
Compression: 720 259.2 0.12357327332864919 3330075.2 1.093
Compression: 721 259.6 0.12309832011403724 3348089.4 1.088
Compression: 722 259.9 0.12262241596237494 3366307.8 1.083
Compression: 723 260.3 0.12214557826989958 3384733.0 1.078
Compression: 724 260.6 0.12166782451640717 3403367.6 1.072
Compression: 725 261.0 0.12118917226478673 3422214.3 1.067
Compression: 726 261.4 0.12070963916054551 3441275.7 1.062
Compression: 727 261.7 0.12022924293132238 3460554.6 1.056
Compression: 728 262.1 0.11974800138638962 3480053.8 1.051
Compression: 729 262.4 0.11926593241614421 3499776.0 1.046
Compression: 730 262.8 0.11878305399158794 3519724.2 1.04
Compression: 731 263.2 0.11829938416379547 3539901.2 1.035
Compression: 732 263.5 0.11781494106337255 3560310.0 1.03
Compression: 733 263.9 0.11732974289990171 3580953.5 1.024
Compression: 734 264.2 0.11684380796137733 3601834.9 1.019
Compression: 735 264.6 0.11635715461362985 3622957.1 1.013
Compression: 736 265.0 0.11586980129973791 3644323.4 1.008
Compression: 737 265.3 0.11538176653942935 3665936.9 1.003
Discharge: 738 265.7 0.11489306892847212 3676513.1
Discharge: 739 266.0 0.11440372713805208 3676513.1
Discharge: 740 266.4 0.11391375991414146 3676513.1
Discharge: 741 266.8 0.11342318607685431 3676513.1
Discharge: 742 267.1 0.1129320245197915 3676513.1
Discharge: 743 267.5 0.11244029420937596 3676513.1
Discharge: 744 267.8 0.11194801418417294 3676513.1
Discharge: 745 268.2 0.1114552035542038 3676513.1
Discharge: 746 268.6 0.11096188150024405 3676513.1
Discharge: 747 268.9 0.110468067273114 3676513.1
Discharge: 748 269.3 0.10997378019295577 3676513.1
Discharge: 749 269.6 0.10947903964850011 3676513.1
Discharge: 750 270.0 0.10898386509632202 3676513.1
Discharge: 751 270.4 0.10848827606008551 3676513.1
Discharge: 752 270.7 0.10799229212977661 3676513.1
Discharge: 753 271.1 0.10749593296092608 3676513.1
Discharge: 754 271.4 0.10699921827382092 3676513.1
Discharge: 755 271.8 0.10650216785270443 3676513.1
Discharge: 756 272.2 0.10600480154496604 3676513.1
Discharge: 757 272.5 0.10550713926031999 3676513.1
Discharge: 758 272.9 0.10500920096997242 3676513.1
Discharge: 759 273.2 0.10451100670577977 3676513.1
Discharge: 760 273.6 0.104012576559393 3676513.1
Discharge: 761 274.0 0.103513930681395 3676513.1
Discharge: 762 274.3 0.1030150892804241 3676513.1
Discharge: 763 274.7 0.10251607262228869 3676513.1
Discharge: 764 275.0 0.1020169010290708 3676513.1
Discharge: 765 275.4 0.10151759487821899 3676513.1
Discharge: 766 275.8 0.10101817460163176 3676513.1
Discharge: 767 276.1 0.10051866068472849 3676513.1
Discharge: 768 276.5 0.10001907366551248 3676513.1
Discharge: 769 276.8 0.09951943413362199 3676513.1
Discharge: 770 277.2 0.09901976272937181 3676513.1
Discharge: 771 277.6 0.09852008014278424 3676513.1
Discharge: 772 277.9 0.09802040711261112 3676513.1
Discharge: 773 278.3 0.09752076442534356 3676513.1
Discharge: 774 278.6 0.09702117291421461 3676513.1
Discharge: 775 279.0 0.0965216534581901 3676513.1
Discharge: 776 279.4 0.09602222698094959 3676513.1
Discharge: 777 279.7 0.09552291444985958 3676513.1
Discharge: 778 280.1 0.09502373687493483 3676513.1
Discharge: 779 280.4 0.09452471530779089 3676513.1
Discharge: 780 280.8 0.0940258708405884 3676513.1
Discharge: 781 281.2 0.09352722460496629 3676513.1
Discharge: 782 281.5 0.09302879777096629 3676513.1
Discharge: 783 281.9 0.0925306115459486 3676513.1
Discharge: 784 282.2 0.09203268717349851 3676513.1
Discharge: 785 282.6 0.09153504593232308 3676513.1
Discharge: 786 283.0 0.09103770913513988 3676513.1
Discharge: 787 283.3 0.09054069812755677 3676513.1
Discharge: 788 283.7 0.09004403428694249 3676513.1
Discharge: 789 284.0 0.08954773902128894 3676513.1
Discharge: 790 284.4 0.08905183376806448 3676513.1
Discharge: 791 284.8 0.08855633999306081 3676513.1
Discharge: 792 285.1 0.08806127918922761 3676513.1
Discharge: 793 285.5 0.08756667287550361 3676513.1
Discharge: 794 285.8 0.08707254259563574 3676513.1
Discharge: 795 286.2 0.08657890991699281 3676513.1
Discharge: 796 286.6 0.08608579642937 3676513.1
Discharge: 797 286.9 0.08559322374378583 3676513.1
Discharge: 798 287.3 0.08510121349127205 3676513.1
Discharge: 799 287.6 0.08460978732165508 3676513.1
Discharge: 800 288.0 0.0841189669023312 3676513.1
Discharge: 801 288.4 0.08362877391703309 3676513.1
Discharge: 802 288.7 0.0831392300645909 3676513.1
Discharge: 803 289.1 0.0826503570576838 3676513.1
Discharge: 804 289.4 0.08216217662158802 3676513.1
Discharge: 805 289.8 0.08167471049291433 3676513.1
Discharge: 806 290.2 0.08118798041834206 3676513.1
Discharge: 807 290.5 0.08070200815334463 3676513.1
Discharge: 808 290.9 0.08021681546090897 3676513.1
Discharge: 809 291.2 0.07973242411025017 3676513.1
Discharge: 810 291.6 0.07924885587551707 3676513.1
Discharge: 811 292.0 0.07876613253449508 3676513.1
Discharge: 812 292.3 0.07828427586730038 3676513.1
Discharge: 813 292.7 0.07780330765507032 3676513.1
Discharge: 814 293.0 0.077323249678647 3676513.1
Discharge: 815 293.4 0.07684412371725625 3676513.1
Discharge: 816 293.8 0.07636595154718032 3676513.1
Discharge: 817 294.1 0.0758887549404262 3676513.1
Discharge: 818 294.5 0.07541255566338849 3676513.1
Discharge: 819 294.8 0.0749373754755076 3676513.1
Discharge: 820 295.2 0.07446323612792274 3676513.1
Discharge: 821 295.6 0.07399015936212051 3676513.1
Discharge: 822 295.9 0.07351816690857962 3676513.1
Discharge: 823 296.3 0.0730472804854098 3676513.1
Discharge: 824 296.6 0.07257752179698834 3676513.1
Discharge: 825 297.0 0.07210891253259079 3676513.1
Discharge: 826 297.4 0.07164147436501922 3676513.1
Discharge: 827 297.7 0.07117522894922594 3676513.1
Discharge: 828 298.1 0.07071019792093339 3676513.1
Discharge: 829 298.4 0.07024640289525179 3676513.1
Discharge: 830 298.8 0.06978386546529186 3676513.1
Discharge: 831 299.2 0.06932260720077595 3676513.1
Discharge: 832 299.5 0.06886264964664472 3676513.1
Discharge: 833 299.9 0.06840401432166192 3676513.1
Discharge: 834 300.2 0.06794672271701643 3676513.1
Discharge: 835 300.6 0.06749079629492134 3676513.1
Discharge: 836 301.0 0.06703625648721094 3676513.1
Discharge: 837 301.3 0.06658312469393518 3676513.1
Discharge: 838 301.7 0.06613142228195254 3676513.1
Discharge: 839 302.0 0.06568117058352006 3676513.1
Discharge: 840 302.4 0.06523239089488338 3676513.1
Discharge: 841 302.8 0.06478510447486273 3676513.1
Discharge: 842 303.1 0.06433933254343943 3676513.1
Discharge: 843 303.5 0.06389509628034024 3676513.1
Discharge: 844 303.8 0.06345241682362071 3676513.1
Discharge: 845 304.2 0.06301131526824767 3676513.1
Discharge: 846 304.6 0.06257181266468018 3676513.1
Discharge: 847 304.9 0.06213393001745117 3676513.1
Discharge: 848 305.3 0.06169768828374749 3676513.1
Discharge: 849 305.6 0.061263108371989485 3676513.1
Discharge: 850 306.0 0.06083021114041118 3676513.1
Discharge: 851 306.4 0.06039901739564016 3676513.1
Discharge: 852 306.7 0.05996954789127698 3676513.1
Discharge: 853 307.1 0.059541823326475334 3676513.1
Discharge: 854 307.4 0.05911586434452303 3676513.1
Discharge: 855 307.8 0.058691691531422494 3676513.1
Discharge: 856 308.2 0.058269325414473244 3676513.1
Discharge: 857 308.5 0.05784878646085395 3676513.1
Discharge: 858 308.9 0.05743009507620741 3676513.1
Discharge: 859 309.2 0.05701327160322404 3676513.1
Discharge: 860 309.6 0.0565983363202297 3676513.1
Discharge: 861 310.0 0.05618530943977332 3676513.1
Discharge: 862 310.3 0.05577421110721544 3676513.1
Discharge: 863 310.7 0.055365061399321534 3676513.1
Discharge: 864 311.0 0.05495788032285397 3676513.1
Discharge: 865 311.4 0.05455268781316886 3676513.1
Discharge: 866 311.8 0.054149503732812757 3676513.1
Discharge: 867 312.1 0.05374834787012435 3676513.1
Discharge: 868 312.5 0.05334923993783682 3676513.1
Discharge: 869 312.8 0.052952199571683414 3676513.1
Discharge: 870 313.2 0.05255724632900757 3676513.1
Discharge: 871 313.6 0.052164399687372964 3676513.1
Discharge: 872 313.9 0.05177367904317997 3676513.1
Discharge: 873 314.3 0.05138510371028379 3676513.1
Discharge: 874 314.6 0.050998692918616306 3676513.1
Discharge: 875 315.0 0.050614465812811885 3676513.1
Discharge: 876 315.4 0.05023244145083738 3676513.1
Discharge: 877 315.7 0.049852638802625325 3676513.1
Discharge: 878 316.1 0.04947507674871175 3676513.1
Discharge: 879 316.4 0.04909977407887848 3676513.1
Discharge: 880 316.8 0.04872674949079939 3676513.1
Discharge: 881 317.2 0.04835602158869176 3676513.1
Discharge: 882 317.5 0.047987608881971996 3676513.1
Discharge: 883 317.9 0.04762152978391631 3676513.1
Discharge: 884 318.2 0.04725780261032688 3676513.1
Discharge: 885 318.6 0.04689644557820249 3676513.1
Discharge: 886 319.0 0.04653747680441515 3676513.1
Discharge: 887 319.3 0.046180914304391536 3676513.1
Discharge: 888 319.7 0.04582677599080093 3676513.1
Discharge: 889 320.0 0.045475079672248016 3676513.1
Discharge: 890 320.4 0.04512584305197206 3676513.1
Discharge: 891 320.8 0.04477908372655227 3676513.1
Discharge: 892 321.1 0.04443481918461887 3676513.1
Discharge: 893 321.5 0.044093066805570916 3676513.1
Discharge: 894 321.8 0.043753843858300556 3676513.1
Discharge: 895 322.2 0.043417167499923845 3676513.1
Discharge: 896 322.6 0.043083054774517314 3676513.1
Discharge: 897 322.9 0.04275152261186394 3676513.1
Discharge: 898 323.3 0.04242258782620307 3676513.1
Discharge: 899 323.6 0.04209626711498979 3676513.1
Discharge: 900 324.0 0.04177257705766044 3676513.1
Discharge: 901 324.4 0.041451534114405754 3676513.1
Discharge: 902 324.7 0.0411331546249521 3676513.1
Discharge: 903 325.1 0.04081745480734894 3676513.1
Discharge: 904 325.4 0.04050445075676661 3676513.1
Discharge: 905 325.8 0.04019415844429887 3676513.1
Discharge: 906 326.2 0.039886593715776346 3676513.1
Discharge: 907 326.5 0.03958177229058609 3676513.1
Discharge: 908 326.9 0.03927970976050095 3676513.1
Discharge: 909 327.2 0.03898042158851671 3676513.1
Discharge: 910 327.6 0.03868392310769716 3676513.1
Discharge: 911 328.0 0.03839022952002951 3676513.1
Discharge: 912 328.3 0.03809935589528665 3676513.1
Discharge: 913 328.7 0.03781131716989983 3676513.1
Discharge: 914 329.0 0.03752612814583992 3676513.1
Discharge: 915 329.4 0.03724380348950722 3676513.1
Discharge: 916 329.8 0.036964357730631434 3676513.1
Discharge: 917 330.1 0.036687805261180796 3676513.1
Discharge: 918 330.5 0.03641416033428037 3676513.1
Discharge: 919 330.8 0.03614343706313974 3676513.1
Discharge: 920 331.2 0.03587564941999186 3676513.1
Discharge: 921 331.6 0.03561081123503954 3676513.1
Discharge: 922 331.9 0.03534893619541427 3676513.1
Discharge: 923 332.3 0.035090037844142705 3676513.1
Discharge: 924 332.6 0.03483412957912576 3676513.1
Discharge: 925 333.0 0.03458122465212546 3676513.1
Discharge: 926 333.4 0.03433133616776406 3676513.1
Discharge: 927 333.7 0.0340844770825333 3676513.1
Discharge: 928 334.1 0.03384066020381341 3676513.1
Discharge: 929 334.4 0.03359989818890331 3676513.1
Discharge: 930 334.8 0.03336220354406211 3676513.1
Discharge: 931 335.2 0.03312758862356025 3676513.1
Discharge: 932 335.5 0.032896065628742956 3676513.1
Discharge: 933 335.9 0.03266764660710406 3676513.1
Discharge: 934 336.2 0.032442343451370495 3676513.1
Discharge: 935 336.6 0.03222016789859965 3676513.1
Discharge: 936 337.0 0.032001131529285694 3676513.1
Discharge: 937 337.3 0.031785245766480036 3676513.1
Discharge: 938 337.7 0.03157252187492113 3676513.1
Discharge: 939 338.0 0.031362970960176706 3676513.1
Discharge: 940 338.4 0.031156603967798523 3676513.1
Discharge: 941 338.8 0.03095343168248707 3676513.1
Discharge: 942 339.1 0.030753464727269694 3676513.1
Discharge: 943 339.5 0.030556713562690508 3676513.1
Discharge: 944 339.8 0.030363188486011477 3676513.1
Discharge: 945 340.2 0.030172899630426086 3676513.1
Discharge: 946 340.6 0.029985856964285757 3676513.1
Discharge: 947 340.9 0.029802070290337733 3676513.1
Discharge: 948 341.3 0.029621549244975367 3676513.1
Discharge: 949 341.6 0.029444303297501674 3676513.1
Discharge: 950 342.0 0.029270341749404554 3676513.1
Discharge: 951 342.4 0.02909967373364433 3676513.1
Discharge: 952 342.7 0.028932308213955378 3676513.1
Discharge: 953 343.1 0.028768253984158505 3676513.1
Discharge: 954 343.4 0.028607519667487938 3676513.1
Discharge: 955 343.8 0.028450113715929894 3676513.1
Discharge: 956 344.2 0.028296044409574412 3676513.1
Discharge: 957 344.5 0.02814531985598054 3676513.1
Discharge: 958 344.9 0.02799794798955407 3676513.1
Discharge: 959 345.2 0.027853936570938716 3676513.1
Discharge: 960 345.6 0.027713293186420046 3676513.1
Discharge: 961 346.0 0.027576025247343205 3676513.1
Discharge: 962 346.3 0.02744213998954303 3676513.1
Discharge: 963 346.7 0.02731164447278895 3676513.1
Discharge: 964 347.0 0.027184545580241408 3676513.1
Discharge: 965 347.4 0.027060850017923396 3676513.1
Discharge: 966 347.8 0.026940564314204368 3676513.1
Discharge: 967 348.1 0.02682369481929806 3676513.1
Discharge: 968 348.5 0.026710247704774433 3676513.1
Discharge: 969 348.8 0.02660022896308423 3676513.1
Discharge: 970 349.2 0.026493644407097765 3676513.1
Discharge: 971 349.6 0.026390499669657588 3676513.1
Discharge: 972 349.9 0.02629080020314485 3676513.1
Discharge: 973 350.3 0.02619455127905916 3676513.1
Discharge: 974 350.6 0.02610175798761242 3676513.1
Discharge: 975 351.0 0.026012425237336875 3676513.1
Discharge: 976 351.4 0.02592655775470678 3676513.1
Discharge: 977 351.7 0.025844160083774253 3676513.1
Discharge: 978 352.1 0.025765236585818394 3676513.1
Discharge: 979 352.4 0.025689791439010005 3676513.1
Discharge: 980 352.8 0.025617828638088636 3676513.1
Discharge: 981 353.2 0.02554935199405465 3676513.1
Discharge: 982 353.5 0.02548436513387567 3676513.1
Discharge: 983 353.9 0.025422871500206355 3676513.1
Discharge: 984 354.2 0.025364874351123144 3676513.1
Discharge: 985 354.6 0.02531037675987227 3676513.1
Discharge: 986 355.0 0.02525938161463369 3676513.1
Discharge: 987 355.3 0.025211891618296883 3676513.1
Discharge: 988 355.7 0.025167909288253323 3676513.1
Discharge: 989 356.0 0.025127436956201475 3676513.1
Discharge: 990 356.4 0.02509047676796714 3676513.1
Discharge: 991 356.8 0.025057030683337648 3676513.1
Discharge: 992 357.1 0.02502710047591086 3676513.1
Discharge: 993 357.5 0.025000687732957657 3676513.1
Discharge: 994 357.8 0.024977793855299735 3676513.1
Discharge: 995 358.2 0.024958420057201565 3676513.1
Discharge: 996 358.6 0.0249425673662763 3676513.1
Discharge: 997 358.9 0.024930236623406724 3676513.1
Discharge: 998 359.3 0.024921428482680003 3676513.1
Discharge: 999 359.6 0.024916143411337285 3676513.1
Discharge: 1000 360.0 0.02491438168973794 3676513.1
Expansion: 1 0.4 0.024916143411337285 3676148.9
Expansion: 2 0.7 0.024921428482680003 3675056.8
Expansion: 3 1.1 0.024930236623406724 3673237.8
Expansion: 4 1.4 0.0249425673662763 3670694.0
Expansion: 5 1.8 0.024958420057201565 3667428.1
Expansion: 6 2.2 0.024977793855299735 3663443.6
Expansion: 7 2.5 0.025000687732957657 3658744.6
Expansion: 8 2.9 0.02502710047591086 3653336.2
Expansion: 9 3.2 0.025057030683337648 3647224.1
Expansion: 10 3.6 0.02509047676796714 3640414.7
Expansion: 11 4.0 0.025127436956201475 3632915.1
Expansion: 12 4.3 0.025167909288253323 3624733.3
Expansion: 13 4.7 0.025211891618296883 3615877.6
Expansion: 14 5.0 0.02525938161463369 3606357.2
Expansion: 15 5.4 0.02531037675987227 3596181.8
Expansion: 16 5.8 0.025364874351123144 3585361.9
Expansion: 17 6.1 0.025422871500206355 3573908.3
Expansion: 18 6.5 0.02548436513387567 3561832.5
Expansion: 19 6.8 0.02554935199405465 3549146.5
Expansion: 20 7.2 0.025617828638088636 3535862.9
Expansion: 21 7.6 0.025689791439010005 3521994.5
Expansion: 22 7.9 0.025765236585818394 3507554.8
Expansion: 23 8.3 0.025844160083774253 3492557.7
Expansion: 24 8.6 0.02592655775470678 3477017.3
Expansion: 25 9.0 0.026012425237336875 3460948.1
Expansion: 26 9.4 0.02610175798761242 3444365.1
Expansion: 27 9.7 0.02619455127905916 3427283.4
Expansion: 28 10.1 0.02629080020314485 3409718.3
Expansion: 29 10.4 0.026390499669657588 3391685.6
Expansion: 30 10.8 0.026493644407097765 3373201.2
Expansion: 31 11.2 0.02660022896308423 3354280.9
Expansion: 32 11.5 0.026710247704774433 3334940.9
Expansion: 33 11.9 0.02682369481929806 3315197.6
Expansion: 34 12.2 0.026940564314204368 3295067.2
Expansion: 35 12.6 0.027060850017923396 3274566.2
Expansion: 36 13.0 0.027184545580241408 3253711.0
Expansion: 37 13.3 0.02731164447278895 3232517.9
Expansion: 38 13.7 0.02744213998954314 3211003.5
Expansion: 39 14.0 0.027576025247343205 3189184.0
Expansion: 40 14.4 0.027713293186420046 3167075.7
Expansion: 41 14.8 0.027853936570938716 3144694.9
Expansion: 42 15.1 0.02799794798955407 3122057.5
Expansion: 43 15.5 0.02814531985598054 3099179.4
Expansion: 44 15.8 0.028296044409574412 3076076.5
Expansion: 45 16.2 0.028450113715929894 3052764.3
Expansion: 46 16.6 0.028607519667487938 3029258.2
Expansion: 47 16.9 0.028768253984158505 3005573.4
Expansion: 48 17.3 0.028932308213955378 2981724.8
Expansion: 49 17.6 0.02909967373364433 2957727.1
Expansion: 50 18.0 0.029270341749404554 2933594.7
Expansion: 51 18.4 0.029444303297501674 2909341.9
Expansion: 52 18.7 0.029621549244975367 2884982.4
Expansion: 53 19.1 0.029802070290337733 2860530.0
Expansion: 54 19.4 0.02998585696428586 2835997.8
Expansion: 55 19.8 0.030172899630426086 2811399.0
Expansion: 56 20.2 0.030363188486011477 2786746.1
Expansion: 57 20.5 0.030556713562690508 2762051.5
Expansion: 58 20.9 0.030753464727269694 2737327.3
Expansion: 59 21.2 0.03095343168248707 2712585.1
Expansion: 60 21.6 0.031156603967798523 2687836.2
Expansion: 61 22.0 0.03136297096017681 2663091.8
Expansion: 62 22.3 0.03157252187492113 2638362.4
Expansion: 63 22.7 0.031785245766480036 2613658.4
Expansion: 64 23.0 0.032001131529285694 2588989.7
Expansion: 65 23.4 0.03222016789859965 2564366.1
Expansion: 66 23.8 0.032442343451370495 2539796.8
Expansion: 67 24.1 0.03266764660710406 2515290.8
Expansion: 68 24.5 0.032896065628742956 2490856.7
Expansion: 69 24.8 0.03312758862356025 2466502.8
Expansion: 70 25.2 0.03336220354406211 2442236.9
Expansion: 71 25.6 0.03359989818890331 2418066.9
Expansion: 72 25.9 0.03384066020381341 2393999.8
Expansion: 73 26.3 0.0340844770825333 2370042.8
Expansion: 74 26.6 0.03433133616776406 2346202.4
Expansion: 75 27.0 0.03458122465212546 2322485.0
Expansion: 76 27.4 0.03483412957912576 2298896.7
Expansion: 77 27.7 0.03509003784414281 2275443.1
Expansion: 78 28.1 0.03534893619541427 2252129.6
Expansion: 79 28.4 0.03561081123503954 2228961.6
Expansion: 80 28.8 0.03587564941999186 2205943.7
Expansion: 81 29.2 0.03614343706313974 2183080.6
Expansion: 82 29.5 0.03641416033428037 2160376.6
Expansion: 83 29.9 0.036687805261180796 2137835.7
Expansion: 84 30.2 0.036964357730631434 2115461.8
Expansion: 85 30.6 0.03724380348950722 2093258.4
Expansion: 86 31.0 0.03752612814583992 2071228.8
Expansion: 87 31.3 0.03781131716989983 2049376.0
Expansion: 88 31.7 0.03809935589528665 2027702.9
Expansion: 89 32.0 0.03839022952002951 2006212.1
Expansion: 90 32.4 0.03868392310769716 1984905.9
Expansion: 91 32.8 0.03898042158851671 1963786.7
Expansion: 92 33.1 0.03927970976050095 1942856.3
Suction: 93 33.5 0.03958177229058609 1927006.7
Suction: 94 33.8 0.039886593715776346 1927006.7
Suction: 95 34.2 0.04019415844429897 1927006.7
Suction: 96 34.6 0.04050445075676661 1927006.7
Suction: 97 34.9 0.04081745480734905 1927006.7
Suction: 98 35.3 0.0411331546249521 1927006.7
Suction: 99 35.6 0.041451534114405754 1927006.7
Suction: 100 36.0 0.04177257705766044 1927006.7
Suction: 101 36.4 0.04209626711498989 1927006.7
Suction: 102 36.7 0.04242258782620317 1927006.7
Suction: 103 37.1 0.04275152261186394 1927006.7
Suction: 104 37.4 0.043083054774517314 1927006.7
Suction: 105 37.8 0.043417167499923845 1927006.7
Suction: 106 38.2 0.04375384385830066 1927006.7
Suction: 107 38.5 0.044093066805570916 1927006.7
Suction: 108 38.9 0.04443481918461887 1927006.7
Suction: 109 39.2 0.04477908372655227 1927006.7
Suction: 110 39.6 0.04512584305197206 1927006.7
Suction: 111 40.0 0.045475079672248016 1927006.7
Suction: 112 40.3 0.04582677599080093 1927006.7
Suction: 113 40.7 0.046180914304391536 1927006.7
Suction: 114 41.0 0.04653747680441515 1927006.7
Suction: 115 41.4 0.04689644557820249 1927006.7
Suction: 116 41.8 0.04725780261032688 1927006.7
Suction: 117 42.1 0.04762152978391631 1927006.7
Suction: 118 42.5 0.04798760888197189 1927006.7
Suction: 119 42.8 0.04835602158869176 1927006.7
Suction: 120 43.2 0.04872674949079949 1927006.7
Suction: 121 43.6 0.04909977407887848 1927006.7
Suction: 122 43.9 0.04947507674871175 1927006.7
Suction: 123 44.3 0.049852638802625325 1927006.7
Suction: 124 44.6 0.05023244145083738 1927006.7
Suction: 125 45.0 0.050614465812811885 1927006.7
Suction: 126 45.4 0.050998692918616306 1927006.7
Suction: 127 45.7 0.05138510371028379 1927006.7
Suction: 128 46.1 0.05177367904317997 1927006.7
Suction: 129 46.4 0.052164399687372964 1927006.7
Suction: 130 46.8 0.05255724632900757 1927006.7
Suction: 131 47.2 0.052952199571683525 1927006.7
Suction: 132 47.5 0.05334923993783682 1927006.7
Suction: 133 47.9 0.05374834787012435 1927006.7
Suction: 134 48.2 0.054149503732812757 1927006.7
Suction: 135 48.6 0.05455268781316886 1927006.7
Suction: 136 49.0 0.05495788032285408 1927006.7
Suction: 137 49.3 0.055365061399321534 1927006.7
Suction: 138 49.7 0.05577421110721544 1927006.7
Suction: 139 50.0 0.05618530943977332 1927006.7
Suction: 140 50.4 0.056598336320229814 1927006.7
Suction: 141 50.8 0.05701327160322404 1927006.7
Suction: 142 51.1 0.05743009507620741 1927006.7
Suction: 143 51.5 0.05784878646085395 1927006.7
Suction: 144 51.8 0.058269325414473244 1927006.7
Suction: 145 52.2 0.0586916915314226 1927006.7
Suction: 146 52.6 0.05911586434452303 1927006.7
Suction: 147 52.9 0.059541823326475334 1927006.7
Suction: 148 53.3 0.05996954789127698 1927006.7
Suction: 149 53.6 0.06039901739564016 1927006.7
Suction: 150 54.0 0.06083021114041118 1927006.7
Suction: 151 54.4 0.061263108371989485 1927006.7
Suction: 152 54.7 0.06169768828374749 1927006.7
Suction: 153 55.1 0.06213393001745117 1927006.7
Suction: 154 55.4 0.06257181266468018 1927006.7
Suction: 155 55.8 0.06301131526824767 1927006.7
Suction: 156 56.2 0.06345241682362082 1927006.7
Suction: 157 56.5 0.06389509628034024 1927006.7
Suction: 158 56.9 0.06433933254343943 1927006.7
Suction: 159 57.2 0.06478510447486273 1927006.7
Suction: 160 57.6 0.06523239089488349 1927006.7
Suction: 161 58.0 0.06568117058352016 1927006.7
Suction: 162 58.3 0.06613142228195254 1927006.7
Suction: 163 58.7 0.06658312469393518 1927006.7
Suction: 164 59.0 0.06703625648721094 1927006.7
Suction: 165 59.4 0.06749079629492134 1927006.7
Suction: 166 59.8 0.06794672271701632 1927006.7
Suction: 167 60.1 0.06840401432166192 1927006.7
Suction: 168 60.5 0.06886264964664472 1927006.7
Suction: 169 60.8 0.06932260720077595 1927006.7
Suction: 170 61.2 0.06978386546529186 1927006.7
Suction: 171 61.6 0.07024640289525179 1927006.7
Suction: 172 61.9 0.07071019792093339 1927006.7
Suction: 173 62.3 0.07117522894922594 1927006.7
Suction: 174 62.6 0.07164147436501933 1927006.7
Suction: 175 63.0 0.07210891253259079 1927006.7
Suction: 176 63.4 0.07257752179698834 1927006.7
Suction: 177 63.7 0.0730472804854098 1927006.7
Suction: 178 64.1 0.07351816690857962 1927006.7
Suction: 179 64.4 0.07399015936212051 1927006.7
Suction: 180 64.8 0.07446323612792274 1927006.7
Suction: 181 65.2 0.0749373754755076 1927006.7
Suction: 182 65.5 0.07541255566338849 1927006.7
Suction: 183 65.9 0.0758887549404262 1927006.7
Suction: 184 66.2 0.07636595154718032 1927006.7
Suction: 185 66.6 0.07684412371725625 1927006.7
Suction: 186 67.0 0.07732324967864711 1927006.7
Suction: 187 67.3 0.07780330765507032 1927006.7
Suction: 188 67.7 0.0782842758673005 1927006.7
Suction: 189 68.0 0.07876613253449508 1927006.7
Suction: 190 68.4 0.07924885587551707 1927006.7
Suction: 191 68.8 0.07973242411025017 1927006.7
Suction: 192 69.1 0.08021681546090907 1927006.7
Suction: 193 69.5 0.08070200815334463 1927006.7
Suction: 194 69.8 0.08118798041834206 1927006.7
Suction: 195 70.2 0.08167471049291433 1927006.7
Suction: 196 70.6 0.08216217662158802 1927006.7
Suction: 197 70.9 0.08265035705768391 1927006.7
Suction: 198 71.3 0.0831392300645909 1927006.7
Suction: 199 71.6 0.0836287739170332 1927006.7
Suction: 200 72.0 0.0841189669023312 1927006.7
Suction: 201 72.4 0.08460978732165508 1927006.7
Suction: 202 72.7 0.08510121349127205 1927006.7
Suction: 203 73.1 0.08559322374378595 1927006.7
Suction: 204 73.4 0.08608579642937 1927006.7
Suction: 205 73.8 0.08657890991699281 1927006.7
Suction: 206 74.2 0.08707254259563585 1927006.7
Suction: 207 74.5 0.08756667287550361 1927006.7
Suction: 208 74.9 0.08806127918922761 1927006.7
Suction: 209 75.2 0.08855633999306081 1927006.7
Suction: 210 75.6 0.0890518337680646 1927006.7
Suction: 211 76.0 0.08954773902128894 1927006.7
Suction: 212 76.3 0.09004403428694249 1927006.7
Suction: 213 76.7 0.09054069812755688 1927006.7
Suction: 214 77.0 0.09103770913513988 1927006.7
Suction: 215 77.4 0.09153504593232308 1927006.7
Suction: 216 77.8 0.09203268717349851 1927006.7
Suction: 217 78.1 0.0925306115459486 1927006.7
Suction: 218 78.5 0.09302879777096619 1927006.7
Suction: 219 78.8 0.09352722460496629 1927006.7
Suction: 220 79.2 0.0940258708405885 1927006.7
Suction: 221 79.6 0.09452471530779089 1927006.7
Suction: 222 79.9 0.09502373687493483 1927006.7
Suction: 223 80.3 0.09552291444985958 1927006.7
Suction: 224 80.6 0.09602222698094959 1927006.7
Suction: 225 81.0 0.0965216534581901 1927006.7
Suction: 226 81.4 0.09702117291421461 1927006.7
Suction: 227 81.7 0.09752076442534356 1927006.7
Suction: 228 82.1 0.09802040711261112 1927006.7
Suction: 229 82.4 0.09852008014278424 1927006.7
Suction: 230 82.8 0.09901976272937181 1927006.7
Suction: 231 83.2 0.09951943413362199 1927006.7
Suction: 232 83.5 0.10001907366551248 1927006.7
Suction: 233 83.9 0.10051866068472849 1927006.7
Suction: 234 84.2 0.10101817460163176 1927006.7
Suction: 235 84.6 0.10151759487821899 1927006.7
Suction: 236 85.0 0.1020169010290707 1927006.7
Suction: 237 85.3 0.10251607262228869 1927006.7
Suction: 238 85.7 0.10301508928042422 1927006.7
Suction: 239 86.0 0.103513930681395 1927006.7
Suction: 240 86.4 0.104012576559393 1927006.7
Suction: 241 86.8 0.10451100670577977 1927006.7
Suction: 242 87.1 0.10500920096997242 1927006.7
Suction: 243 87.5 0.10550713926031988 1927006.7
Suction: 244 87.8 0.10600480154496604 1927006.7
Suction: 245 88.2 0.10650216785270443 1927006.7
Suction: 246 88.6 0.10699921827382092 1927006.7
Suction: 247 88.9 0.10749593296092608 1927006.7
Suction: 248 89.3 0.10799229212977661 1927006.7
Suction: 249 89.6 0.10848827606008551 1927006.7
Suction: 250 90.0 0.10898386509632202 1927006.7
Suction: 251 90.4 0.10947903964850011 1927006.7
Suction: 252 90.7 0.10997378019295577 1927006.7
Suction: 253 91.1 0.11046806727311412 1927006.7
Suction: 254 91.4 0.11096188150024405 1927006.7
Suction: 255 91.8 0.1114552035542038 1927006.7
Suction: 256 92.2 0.11194801418417294 1927006.7
Suction: 257 92.5 0.11244029420937596 1927006.7
Suction: 258 92.9 0.1129320245197916 1927006.7
Suction: 259 93.2 0.1134231860768542 1927006.7
Suction: 260 93.6 0.11391375991414156 1927006.7
Suction: 261 94.0 0.11440372713805208 1927006.7
Suction: 262 94.3 0.11489306892847212 1927006.7
Suction: 263 94.7 0.11538176653942935 1927006.7
Suction: 264 95.0 0.11586980129973791 1927006.7
Suction: 265 95.4 0.11635715461362985 1927006.7
Suction: 266 95.8 0.11684380796137733 1927006.7
Suction: 267 96.1 0.11732974289990171 1927006.7
Suction: 268 96.5 0.11781494106337255 1927006.7
Suction: 269 96.8 0.11829938416379547 1927006.7
Suction: 270 97.2 0.11878305399158794 1927006.7
Suction: 271 97.6 0.11926593241614421 1927006.7
Suction: 272 97.9 0.11974800138638962 1927006.7
Suction: 273 98.3 0.12022924293132238 1927006.7
Suction: 274 98.6 0.12070963916054563 1927006.7
Suction: 275 99.0 0.12118917226478673 1927006.7
Suction: 276 99.4 0.12166782451640717 1927006.7
Suction: 277 99.7 0.12214557826989958 1927006.7
Suction: 278 100.1 0.12262241596237494 1927006.7
Suction: 279 100.4 0.12309832011403735 1927006.7
Suction: 280 100.8 0.12357327332864919 1927006.7
Suction: 281 101.2 0.12404725829398447 1927006.7
Suction: 282 101.5 0.12452025778227045 1927006.7
Suction: 283 101.9 0.12499225465061965 1927006.7
Suction: 284 102.2 0.12546323184144975 1927006.7
Suction: 285 102.6 0.1259331723828933 1927006.7
Suction: 286 103.0 0.12640205938919602 1927006.7
Suction: 287 103.3 0.1268698760611041 1927006.7
Suction: 288 103.7 0.12733660568624178 1927006.7
Suction: 289 104.0 0.12780223163947624 1927006.7
Suction: 290 104.4 0.1282667373832737 1927006.7
Suction: 291 104.8 0.12873010646804375 1927006.7
Suction: 292 105.1 0.1291923225324724 1927006.7
Suction: 293 105.5 0.12965336930384652 1927006.7
Suction: 294 105.8 0.130113230598366 1927006.7
Suction: 295 106.2 0.13057189032144548 1927006.7
Suction: 296 106.6 0.1310293324680067 1927006.7
Suction: 297 106.9 0.13148554112275943 1927006.7
Suction: 298 107.3 0.1319405004604726 1927006.7
Suction: 299 107.6 0.13239419474623473 1927006.7
Suction: 300 108.0 0.13284660833570486 1927006.7
Suction: 301 108.4 0.1332977256753521 1927006.7
Suction: 302 108.7 0.1337475313026867 1927006.7
Suction: 303 109.1 0.13419600984647884 1927006.7
Suction: 304 109.4 0.13464314602697036 1927006.7
Suction: 305 109.8 0.1350889246560738 1927006.7
Suction: 306 110.2 0.13553333063756334 1927006.7
Suction: 307 110.5 0.135976348967255 1927006.7
Suction: 308 110.9 0.13641796473317805 1927006.7
Suction: 309 111.2 0.13685816311573648 1927006.7
Suction: 310 111.6 0.13729692938785962 1927006.7
Suction: 311 112.0 0.1377342489151458 1927006.7
Suction: 312 112.3 0.13817010715599415 1927006.7
Suction: 313 112.7 0.13860448966172872 1927006.7
Suction: 314 113.0 0.13903738207671285 1927006.7
Suction: 315 113.4 0.13946877013845385 1927006.7
Suction: 316 113.8 0.13989863967769958 1927006.7
Suction: 317 114.1 0.14032697661852528 1927006.7
Suction: 318 114.5 0.14075376697841127 1927006.7
Suction: 319 114.8 0.14117899686831345 1927006.7
Suction: 320 115.2 0.1416026524927229 1927006.7
Suction: 321 115.6 0.14202472014971812 1927006.7
Suction: 322 115.9 0.14244518623100846 1927006.7
Suction: 323 116.3 0.14286403722196914 1927006.7
Suction: 324 116.6 0.14328125970166752 1927006.7
Suction: 325 117.0 0.1436968403428816 1927006.7
Suction: 326 117.4 0.14411076591210983 1927006.7
Suction: 327 117.7 0.14452302326957328 1927006.7
Suction: 328 118.1 0.14493359936920938 1927006.7
Suction: 329 118.4 0.14534248125865812 1927006.7
Suction: 330 118.8 0.14574965607923973 1927006.7
Suction: 331 119.2 0.1461551110659262 1927006.7
Suction: 332 119.5 0.14655883354730292 1927006.7
Suction: 333 119.9 0.146960810945525 1927006.7
Suction: 334 120.2 0.1473610307762644 1927006.7
Suction: 335 120.6 0.14775948064865124 1927006.7
Suction: 336 121.0 0.14815614826520637 1927006.7
Suction: 337 121.3 0.14855102142176843 1927006.7
Suction: 338 121.7 0.14894408800741196 1927006.7
Suction: 339 122.0 0.1493353360043612 1927006.7
Suction: 340 122.4 0.149724753487894 1927006.7
Suction: 341 122.8 0.15011232862624185 1927006.7
Suction: 342 123.1 0.1504980496804812 1927006.7
Suction: 343 123.5 0.15088190500441942 1927006.7
Suction: 344 123.8 0.1512638830444743 1927006.7
Suction: 345 124.2 0.15164397233954627 1927006.7
Suction: 346 124.6 0.1520221615208862 1927006.7
Suction: 347 124.9 0.15239843931195532 1927006.7
Suction: 348 125.3 0.1527727945282803 1927006.7
Suction: 349 125.6 0.153145216077302 1927006.7
Suction: 350 126.0 0.15351569295821868 1927006.7
Suction: 351 126.4 0.15388421426182347 1927006.7
Suction: 352 126.7 0.154250769170336 1927006.7
Suction: 353 127.1 0.15461534695722934 1927006.7
Suction: 354 127.4 0.15497793698705098 1927006.7
Suction: 355 127.8 0.15533852871523873 1927006.7
Suction: 356 128.2 0.15569711168793143 1927006.7
Suction: 357 128.5 0.1560536755417753 1927006.7
Suction: 358 128.9 0.15640821000372457 1927006.7
Suction: 359 129.2 0.15676070489083743 1927006.7
Suction: 360 129.6 0.1571111501100681 1927006.7
Suction: 361 130.0 0.15745953565805365 1927006.7
Suction: 362 130.3 0.15780585162089603 1927006.7
Suction: 363 130.7 0.15815008817394108 1927006.7
Suction: 364 131.0 0.1584922355815516 1927006.7
Suction: 365 131.4 0.1588322841968779 1927006.7
Suction: 366 131.8 0.15917022446162346 1927006.7
Suction: 367 132.1 0.15950604690580658 1927006.7
Suction: 368 132.5 0.15983974214751878 1927006.7
Suction: 369 132.8 0.1601713008926789 1927006.7
Suction: 370 133.2 0.1605007139347849 1927006.7
Suction: 371 133.6 0.16082797215465994 1927006.7
Suction: 372 133.9 0.16115306652019729 1927006.7
Suction: 373 134.3 0.16147598808610145 1927006.7
Suction: 374 134.6 0.16179672799362496 1927006.7
Suction: 375 135.0 0.1621152774703033 1927006.7
Suction: 376 135.4 0.1624316278296874 1927006.7
Suction: 377 135.7 0.1627457704710714 1927006.7
Suction: 378 136.1 0.16305769687921967 1927006.7
Suction: 379 136.4 0.16336739862409017 1927006.7
Suction: 380 136.8 0.16367486736055528 1927006.7
Suction: 381 137.2 0.1639800948281209 1927006.7
Suction: 382 137.5 0.16428307285064309 1927006.7
Suction: 383 137.9 0.16458379333604156 1927006.7
Suction: 384 138.2 0.16488224827601286 1927006.7
Suction: 385 138.6 0.16517842974573968 1927006.7
Suction: 386 139.0 0.1654723299035996 1927006.7
Suction: 387 139.3 0.1657639409908722 1927006.7
Suction: 388 139.7 0.1660532553314429 1927006.7
Suction: 389 140.0 0.16634026533150778 1927006.7
Suction: 390 140.4 0.1666249634792742 1927006.7
Suction: 391 140.8 0.166907342344662 1927006.7
Suction: 392 141.1 0.16718739457900303 1927006.7
Suction: 393 141.5 0.16746511291473914 1927006.7
Suction: 394 141.8 0.1677404901651191 1927006.7
Suction: 395 142.2 0.1680135192238958 1927006.7
Suction: 396 142.6 0.16828419306501965 1927006.7
Suction: 397 142.9 0.1685525047423356 1927006.7
Suction: 398 143.3 0.16881844738927546 1927006.7
Suction: 399 143.6 0.16908201421855146 1927006.7
Suction: 400 144.0 0.1693431985218504 1927006.7
Suction: 401 144.4 0.1696019936695245 1927006.7
Suction: 402 144.7 0.16985839311028494 1927006.7
Suction: 403 145.1 0.1701123903708936 1927006.7
Suction: 404 145.4 0.1703639790558553 1927006.7
Suction: 405 145.8 0.17061315284710957 1927006.7
Suction: 406 146.2 0.17085990550372301 1927006.7
Suction: 407 146.5 0.17110423086158164 1927006.7
Suction: 408 146.9 0.17134612283308354 1927006.7
Suction: 409 147.2 0.17158557540683209 1927006.7
Suction: 410 147.6 0.17182258264732905 1927006.7
Suction: 411 148.0 0.17205713869466896 1927006.7
Suction: 412 148.3 0.17228923776423405 1927006.7
Suction: 413 148.7 0.17251887414638886 1927006.7
Suction: 414 149.0 0.17274604220617745 1927006.7
Suction: 415 149.4 0.17297073638301966 1927006.7
Suction: 416 149.8 0.1731929511904099 1927006.7
Suction: 417 150.1 0.17341268121561632 1927006.7
Suction: 418 150.5 0.17362992111938055 1927006.7
Suction: 419 150.8 0.17384466563561995 1927006.7
Suction: 420 151.2 0.17405690957113024 1927006.7
Suction: 421 151.6 0.17426664780528964 1927006.7
Suction: 422 151.9 0.17447387528976513 1927006.7
Suction: 423 152.3 0.17467858704821887 1927006.7
Suction: 424 152.6 0.17488077817601852 1927006.7
Suction: 425 153.0 0.17508044383994636 1927006.7
Suction: 426 153.4 0.175277579277913 1927006.7
Suction: 427 153.7 0.17547217979867083 1927006.7
Suction: 428 154.1 0.17566424078153073 1927006.7
Suction: 429 154.4 0.1758537576760802 1927006.7
Suction: 430 154.8 0.1760407260019035 1927006.7
Suction: 431 155.2 0.1762251413483044 1927006.7
Suction: 432 155.5 0.17640699937403054 1927006.7
Suction: 433 155.9 0.17658629580700072 1927006.7
Suction: 434 156.2 0.17676302644403433 1927006.7
Suction: 435 156.6 0.17693718715058243 1927006.7
Suction: 436 157.0 0.17710877386046275 1927006.7
Suction: 437 157.3 0.177277782575596 1927006.7
Suction: 438 157.7 0.1774442093657461 1927006.7
Suction: 439 158.0 0.1776080503682608 1927006.7
Suction: 440 158.4 0.17776930178781827 1927006.7
Suction: 441 158.8 0.17792795989617383 1927006.7
Suction: 442 159.1 0.17808402103191034 1927006.7
Suction: 443 159.5 0.17823748160019254 1927006.7
Suction: 444 159.8 0.17838833807252247 1927006.7
Suction: 445 160.2 0.17853658698650016 1927006.7
Suction: 446 160.6 0.17868222494558555 1927006.7
Suction: 447 160.9 0.17882524861886406 1927006.7
Suction: 448 161.3 0.17896565474081644 1927006.7
Suction: 449 161.6 0.17910344011109072 1927006.7
Suction: 450 162.0 0.1792386015942774 1927006.7
Suction: 451 162.4 0.17937113611968936 1927006.7
Suction: 452 162.7 0.17950104068114342 1927006.7
Suction: 453 163.1 0.17962831233674678 1927006.7
Suction: 454 163.4 0.1797529482086865 1927006.7
Suction: 455 163.8 0.17987494548302224 1927006.7
Suction: 456 164.2 0.17999430140948341 1927006.7
Suction: 457 164.5 0.1801110133012686 1927006.7
Suction: 458 164.9 0.18022507853485117 1927006.7
Suction: 459 165.2 0.1803364945497853 1927006.7
Suction: 460 165.6 0.18044525884851922 1927006.7
Suction: 461 166.0 0.18055136899620952 1927006.7
Suction: 462 166.3 0.18065482262054114 1927006.7
Suction: 463 166.7 0.18075561741155066 1927006.7
Suction: 464 167.0 0.18085375112145324 1927006.7
Suction: 465 167.4 0.18094922156447443 1927006.7
Suction: 466 167.8 0.18104202661668514 1927006.7
Suction: 467 168.1 0.18113216421584066 1927006.7
Suction: 468 168.5 0.18121963236122568 1927006.7
Suction: 469 168.8 0.18130442911350023 1927006.7
Suction: 470 169.2 0.1813865525945525 1927006.7
Suction: 471 169.6 0.1814660009873551 1927006.7
Suction: 472 169.9 0.18154277253582501 1927006.7
Suction: 473 170.3 0.18161686554468798 1927006.7
Suction: 474 170.6 0.18168827837934848 1927006.7
Suction: 475 171.0 0.18175700946576195 1927006.7
Suction: 476 171.4 0.1818230572903128 1927006.7
Suction: 477 171.7 0.18188642039969727 1927006.7
Suction: 478 172.1 0.18194709740080822 1927006.7
Suction: 479 172.4 0.1820050869606277 1927006.7
Suction: 480 172.8 0.18206038780612183 1927006.7
Suction: 481 173.2 0.18211299872413997 1927006.7
Suction: 482 173.5 0.18216291856132 1927006.7
Suction: 483 173.9 0.1822101462239972 1927006.7
Suction: 484 174.2 0.18225468067811706 1927006.7
Suction: 485 174.6 0.18229652094915405 1927006.7
Suction: 486 175.0 0.1823356661220338 1927006.7
Suction: 487 175.3 0.18237211534106085 1927006.7
Suction: 488 175.7 0.18240586780984983 1927006.7
Suction: 489 176.0 0.18243692279126264 1927006.7
Suction: 490 176.4 0.1824652796073493 1927006.7
Suction: 491 176.8 0.1824909376392936 1927006.7
Suction: 492 177.1 0.1825138963273638 1927006.7
Suction: 493 177.5 0.18253415517086793 1927006.7
Suction: 494 177.8 0.18255171372811355 1927006.7
Suction: 495 178.2 0.18256657161637194 1927006.7
Suction: 496 178.6 0.1825787285118483 1927006.7
Suction: 497 178.9 0.18258818414965441 1927006.7
Suction: 498 179.3 0.18259493832378887 1927006.7
Suction: 499 179.6 0.18259899088711903 1927006.7
Suction: 500 180.0 0.1826003417513705 1927006.7

