Capacity (crank end) = 1.0

Compression (null): 0 0.0 0.18109216068446882 1927006.7
Compression: 1 0.4 0.18109045173633453 1927032.2 1.777
Compression: 2 0.7 0.1810853249825875 1927108.6 1.777
Compression: 3 1.1 0.18107678069518876 1927236.0 1.777
Compression: 4 1.4 0.18106481932738297 1927414.4 1.777
Compression: 5 1.8 0.18104944151366367 1927643.7 1.777
Compression: 6 2.2 0.1810306480697245 1927924.1 1.777
Compression: 7 2.5 0.18100843999239583 1928255.5 1.776
Compression: 8 2.9 0.18098281845956807 1928637.9 1.776
Compression: 9 3.2 0.18095378483010044 1929071.5 1.776
Compression: 10 3.6 0.18092134064371615 1929556.1 1.775
Compression: 11 4.0 0.1808854876208838 1930092.0 1.775
Compression: 12 4.3 0.1808462276626841 1930679.0 1.774
Compression: 13 4.7 0.1808035628506633 1931317.3 1.774
Compression: 14 5.0 0.18075749544667238 1932006.9 1.773
Compression: 15 5.4 0.1807080278926928 1932747.9 1.773
Compression: 16 5.8 0.18065516281064728 1933540.3 1.772
Compression: 17 6.1 0.1805989030021986 1934384.2 1.772
Compression: 18 6.5 0.18053925144853195 1935279.6 1.771
Compression: 19 6.8 0.1804762113101261 1936226.7 1.77
Compression: 20 7.2 0.1804097859265088 1937225.6 1.769
Compression: 21 7.6 0.18033997881599964 1938276.2 1.769
Compression: 22 7.9 0.1802667936754381 1939378.7 1.768
Compression: 23 8.3 0.1801902343798988 1940533.2 1.767
Compression: 24 8.6 0.1801103049823929 1941739.8 1.766
Compression: 25 9.0 0.1800270097135546 1942998.5 1.765
Compression: 26 9.4 0.17994035298131617 1944309.5 1.764
Compression: 27 9.7 0.17985033937056735 1945673.0 1.763
Compression: 28 10.1 0.17975697364280227 1947088.9 1.762
Compression: 29 10.4 0.17966026073575236 1948557.5 1.761
Compression: 30 10.8 0.17956020576300621 1950078.8 1.76
Compression: 31 11.2 0.17945681401361552 1951653.0 1.758
Compression: 32 11.5 0.17935009095168747 1953280.1 1.757
Compression: 33 11.9 0.1792400422159643 1954960.5 1.756
Compression: 34 12.2 0.17912667361938914 1956694.1 1.754
Compression: 35 12.6 0.17900999114865873 1958481.1 1.753
Compression: 36 13.0 0.17889000096376223 1960321.7 1.752
Compression: 37 13.3 0.17876670939750772 1962216.1 1.75
Compression: 38 13.7 0.17864012295503498 1964164.3 1.749
Compression: 39 14.0 0.17851024831331547 1966166.6 1.747
Compression: 40 14.4 0.1783770923206385 1968223.1 1.746
Compression: 41 14.8 0.17824066199608507 1970334.1 1.744
Compression: 42 15.1 0.17810096452898888 1972499.5 1.743
Compression: 43 15.5 0.17795800727838362 1974719.8 1.741
Compression: 44 15.8 0.17781179777243808 1976995.0 1.739
Compression: 45 16.2 0.177662343707878 1979325.3 1.737
Compression: 46 16.6 0.1775096529493955 1981711.0 1.736
Compression: 47 16.9 0.1773537335290453 1984152.2 1.734
Compression: 48 17.3 0.17719459364562917 1986649.1 1.732
Compression: 49 17.6 0.177032241664067 1989202.0 1.73
Compression: 50 18.0 0.17686668611475523 1991811.1 1.728
Compression: 51 18.4 0.17669793569291398 1994476.5 1.726
Compression: 52 18.7 0.17652599925792006 1997198.6 1.724
Compression: 53 19.1 0.1763508858326296 1999977.5 1.722
Compression: 54 19.4 0.17617260460268655 2002813.5 1.72
Compression: 55 19.8 0.1759911649158205 2005706.8 1.718
Compression: 56 20.2 0.17580657628113097 2008657.7 1.716
Compression: 57 20.5 0.17561884836836134 2011666.5 1.714
Compression: 58 20.9 0.17542799100715897 2014733.3 1.711
Compression: 59 21.2 0.17523401418632495 2017858.4 1.709
Compression: 60 21.6 0.17503692805305132 2021042.2 1.707
Compression: 61 22.0 0.1748367429121459 2024284.8 1.705
Compression: 62 22.3 0.17463346922524708 2027586.7 1.702
Compression: 63 22.7 0.17442711761002558 2030947.9 1.7
Compression: 64 23.0 0.17421769883937496 2034368.9 1.697
Compression: 65 23.4 0.1740052238405915 2037849.9 1.695
Compression: 66 23.8 0.17378970369454197 2041391.3 1.692
Compression: 67 24.1 0.17357114963481965 2044993.3 1.69
Compression: 68 24.5 0.17334957304689108 2048656.2 1.687
Compression: 69 24.8 0.17312498546722918 2052380.4 1.685
Compression: 70 25.2 0.17289739858243763 2056166.2 1.682
Compression: 71 25.6 0.17266682422836274 2060014.0 1.679
Compression: 72 25.9 0.17243327438919515 2063923.9 1.677
Compression: 73 26.3 0.1721967611965612 2067896.5 1.674
Compression: 74 26.6 0.1719572969286025 2071932.0 1.671
Compression: 75 27.0 0.1717148940090463 2076030.7 1.668
Compression: 76 27.4 0.17146956500626456 2080193.2 1.666
Compression: 77 27.7 0.17122132263232237 2084419.6 1.663
Compression: 78 28.1 0.17097017974201725 2088710.4 1.66
Compression: 79 28.4 0.17071614933190737 2093066.0 1.657
Compression: 80 28.8 0.17045924453932973 2097486.7 1.654
Compression: 81 29.2 0.1701994786414093 2101972.9 1.651
Compression: 82 29.5 0.16993686505405653 2106525.1 1.648
Compression: 83 29.9 0.16967141733095747 2111143.6 1.645
Compression: 84 30.2 0.16940314916255178 2115828.8 1.641
Compression: 85 30.6 0.16913207437500327 2120581.1 1.638
Compression: 86 31.0 0.16885820692915982 2125401.1 1.635
Compression: 87 31.3 0.16858156091950408 2130289.0 1.632
Compression: 88 31.7 0.1683021505730952 2135245.3 1.629
Compression: 89 32.0 0.1680199902485018 2140270.5 1.625
Compression: 90 32.4 0.1677350944347251 2145365.1 1.622
Compression: 91 32.8 0.1674474777501135 2150529.4 1.619
Compression: 92 33.1 0.16715715494126934 2155763.9 1.615
Compression: 93 33.5 0.16686414088194487 2161069.2 1.612
Compression: 94 33.8 0.16656845057193229 2166445.6 1.609
Compression: 95 34.2 0.16627009913594307 2171893.7 1.605
Compression: 96 34.6 0.16596910182248056 2177413.9 1.602
Compression: 97 34.9 0.1656654740027033 2183006.8 1.598
Compression: 98 35.3 0.1653592311692814 2188672.9 1.595
Compression: 99 35.6 0.16505038893524407 2194412.6 1.591
Compression: 100 36.0 0.16473896303281912 2200226.5 1.587
Compression: 101 36.4 0.1644249693122662 2206115.1 1.584
Compression: 102 36.7 0.16410842374070095 2212078.9 1.58
Compression: 103 37.1 0.16378934240091242 2218118.6 1.576
Compression: 104 37.4 0.16346774149017285 2224234.6 1.573
Compression: 105 37.8 0.1631436373190407 2230427.5 1.569
Compression: 106 38.2 0.16281704631015667 2236697.8 1.565
Compression: 107 38.5 0.1624879849970317 2243046.3 1.561
Compression: 108 38.9 0.1621564700228295 2249473.3 1.557
Compression: 109 39.2 0.1618225181391419 2255979.6 1.553
Compression: 110 39.6 0.16148614620475724 2262565.6 1.55
Compression: 111 40.0 0.161147371184423 2269232.1 1.546
Compression: 112 40.3 0.16080621014760188 2275979.7 1.542
Compression: 113 40.7 0.16046268026722163 2282808.9 1.538
Compression: 114 41.0 0.16011679881841914 2289720.4 1.534
Compression: 115 41.4 0.15976858317727852 2296714.9 1.53
Compression: 116 41.8 0.1594180508195632 2303793.0 1.525
Compression: 117 42.1 0.15906521931944298 2310955.3 1.521
Compression: 118 42.5 0.15871010634821522 2318202.6 1.517
Compression: 119 42.8 0.15835272967302064 2325535.5 1.513
Compression: 120 43.2 0.15799310715555445 2332954.6 1.509
Compression: 121 43.6 0.1576312567507722 2340460.8 1.505
Compression: 122 43.9 0.15726719650558998 2348054.7 1.5
Compression: 123 44.3 0.15690094455758138 2355737.0 1.496
Compression: 124 44.6 0.15653251913366859 2363508.5 1.492
Compression: 125 45.0 0.15616193854880944 2371369.8 1.488
Compression: 126 45.4 0.15578922120468036 2379321.8 1.483
Compression: 127 45.7 0.155414385588355 2387365.2 1.479
Compression: 128 46.1 0.15503745027097826 2395500.7 1.475
Compression: 129 46.4 0.1546584339064375 2403729.2 1.47
Compression: 130 46.8 0.15427735523002936 2412051.4 1.466
Compression: 131 47.2 0.15389423305712294 2420468.2 1.461
Compression: 132 47.5 0.15350908628181964 2428980.3 1.457
Compression: 133 47.9 0.15312193387561024 2437588.5 1.452
Compression: 134 48.2 0.15273279488602753 2446293.7 1.448
Compression: 135 48.6 0.15234168843529747 2455096.8 1.443
Compression: 136 49.0 0.1519486337189867 2463998.6 1.439
Compression: 137 49.3 0.15155365000464716 2472999.9 1.434
Compression: 138 49.7 0.15115675663045863 2482101.6 1.429
Compression: 139 50.0 0.15075797300386867 2491304.7 1.425
Compression: 140 50.4 0.15035731860023058 2500610.0 1.42
Compression: 141 50.8 0.14995481296143848 2510018.4 1.416
Compression: 142 51.1 0.14955047569456148 2519530.9 1.411
Compression: 143 51.5 0.14914432647047574 2529148.4 1.406
Compression: 144 51.8 0.1487363850224937 2538871.8 1.401
Compression: 145 52.2 0.14832667114499437 2548702.2 1.397
Compression: 146 52.6 0.1479152046920497 2558640.4 1.392
Compression: 147 52.9 0.14750200557605084 2568687.5 1.387
Compression: 148 53.3 0.14708709376633386 2578844.5 1.382
Compression: 149 53.6 0.14667048928780405 2589112.3 1.377
Compression: 150 54.0 0.14625221221955909 2599492.1 1.372
Compression: 151 54.4 0.14583228269351253 2609984.8 1.368
Compression: 152 54.7 0.14541072089301652 2620591.5 1.363
Compression: 153 55.1 0.1449875470514837 2631313.3 1.358
Compression: 154 55.4 0.14456278145100968 2642151.2 1.353
Compression: 155 55.8 0.1441364444209958 2653106.4 1.348
Compression: 156 56.2 0.14370855633677104 2664180.0 1.343
Compression: 157 56.5 0.14327913761821517 2675373.1 1.338
Compression: 158 56.9 0.1428482087283819 2686686.7 1.333
Compression: 159 57.2 0.14241579017212327 2698122.2 1.328
Compression: 160 57.6 0.1419819024947141 2709680.6 1.323
Compression: 161 58.0 0.14154656628047815 2721363.1 1.318
Compression: 162 58.3 0.1411098021514145 2733171.0 1.313
Compression: 163 58.7 0.14067163076582628 2745105.4 1.308
Compression: 164 59.0 0.1402320728169497 2757167.6 1.303
Compression: 165 59.4 0.13979114903158565 2769358.8 1.297
Compression: 166 59.8 0.13934888016873243 2781680.4 1.292
Compression: 167 60.1 0.13890528701822008 2794133.4 1.287
Compression: 168 60.5 0.13846039039934807 2806719.4 1.282
Compression: 169 60.8 0.13801421115952328 2819439.5 1.277
Compression: 170 61.2 0.13756677017290153 2832295.2 1.272
Compression: 171 61.6 0.13711808833903139 2845287.7 1.266
Compression: 172 61.9 0.13666818658150073 2858418.4 1.261
Compression: 173 62.3 0.13621708584658532 2871688.8 1.256
Compression: 174 62.6 0.1357648071019011 2885100.1 1.251
Compression: 175 63.0 0.1353113713350594 2898653.9 1.245
Compression: 176 63.4 0.13485679955232466 2912351.5 1.24
Compression: 177 63.7 0.1344011127772768 2926194.4 1.235
Compression: 178 64.1 0.13394433204947556 2940184.1 1.229
Compression: 179 64.4 0.13348647842313024 2954322.2 1.224
Compression: 180 64.8 0.13302757296577106 2968610.0 1.219
Compression: 181 65.2 0.1325676367569267 2983049.1 1.213
Compression: 182 65.5 0.1321066908868041 2997641.1 1.208
Compression: 183 65.9 0.1316447564549735 3012387.6 1.203
Compression: 184 66.2 0.13118185456905782 3027290.0 1.197
Compression: 185 66.6 0.13071800634342573 3042350.2 1.192
Compression: 186 67.0 0.13025323289789015 3057569.6 1.187
Compression: 187 67.3 0.12978755535641157 3072950.0 1.181
Compression: 188 67.7 0.12932099484580514 3088493.0 1.176
Compression: 189 68.0 0.12885357249445478 3104200.3 1.17
Compression: 190 68.4 0.12838530943102996 3120073.6 1.165
Compression: 191 68.8 0.1279162267832101 3136114.6 1.159
Compression: 192 69.1 0.1274463456764134 3152325.3 1.154
Compression: 193 69.5 0.12697568723253083 3168707.2 1.149
Compression: 194 69.8 0.1265042725686668 3185262.2 1.143
Compression: 195 70.2 0.12603212279588463 3201992.2 1.138
Compression: 196 70.6 0.12555925901795892 3218899.0 1.132
Compression: 197 70.9 0.12508570233013366 3235984.5 1.127
Compression: 198 71.3 0.12461147381788623 3253250.5 1.121
Compression: 199 71.6 0.12413659455569831 3270699.1 1.116
Compression: 200 72.0 0.12366108560583268 3288332.1 1.11
Compression: 201 72.4 0.12318496801711724 3306151.5 1.104
Compression: 202 72.7 0.1227082628237351 3324159.4 1.099
Compression: 203 73.1 0.12223099104402212 3342357.8 1.093
Compression: 204 73.4 0.121753173679271 3360748.6 1.088
Compression: 205 73.8 0.12127483171254222 3379334.1 1.082
Compression: 206 74.2 0.1207959861074828 3398116.2 1.077
Compression: 207 74.5 0.12031665780715249 3417097.2 1.071
Compression: 208 74.9 0.11983686773285587 3436279.1 1.066
Compression: 209 75.2 0.11935663678298367 3455664.2 1.06
Compression: 210 75.6 0.11887598583186128 3475254.6 1.054
Compression: 211 76.0 0.11839493572860407 3495052.7 1.049
Compression: 212 76.3 0.11791350729598231 3515060.7 1.043
Compression: 213 76.7 0.11743172132929165 3535280.9 1.038
Compression: 214 77.0 0.11694959859523461 3555715.5 1.032
Compression: 215 77.4 0.11646715983080728 3576367.0 1.026
Compression: 216 77.8 0.11598442574219664 3597237.8 1.021
Compression: 217 78.1 0.11550141700368459 3618330.2 1.015
Compression: 218 78.5 0.1150181542565614 3639646.7 1.01
Compression: 219 78.8 0.11453465810804724 3661189.9 1.004
Discharge: 220 79.2 0.11405094913022289 3676513.1
Discharge: 221 79.6 0.1135670478589685 3676513.1
Discharge: 222 79.9 0.11308297479291134 3676513.1
Discharge: 223 80.3 0.11259875039238337 3676513.1
Discharge: 224 80.6 0.11211439507838593 3676513.1
Discharge: 225 81.0 0.11162992923156571 3676513.1
Discharge: 226 81.4 0.11114537319119874 3676513.1
Discharge: 227 81.7 0.11066074725418275 3676513.1
Discharge: 228 82.1 0.11017607167404117 3676513.1
Discharge: 229 82.4 0.10969136665993463 3676513.1
Discharge: 230 82.8 0.10920665237568197 3676513.1
Discharge: 231 83.2 0.10872194893879283 3676513.1
Discharge: 232 83.5 0.10823727641950706 3676513.1
Discharge: 233 83.9 0.10775265483984596 3676513.1
Discharge: 234 84.2 0.10726810417267241 3676513.1
Discharge: 235 84.6 0.10678364434076107 3676513.1
Discharge: 236 85.0 0.10629929521587791 3676513.1
Discharge: 237 85.3 0.10581507661787096 3676513.1
Discharge: 238 85.7 0.10533100831376983 3676513.1
Discharge: 239 86.0 0.10484711001689616 3676513.1
Discharge: 240 86.4 0.10436340138598316 3676513.1
Discharge: 241 86.8 0.10387990202430696 3676513.1
Discharge: 242 87.1 0.10339663147882716 3676513.1
Discharge: 243 87.5 0.10291360923933701 3676513.1
Discharge: 244 87.8 0.10243085473762589 3676513.1
Discharge: 245 88.2 0.10194838734665036 3676513.1
Discharge: 246 88.6 0.10146622637971674 3676513.1
Discharge: 247 88.9 0.10098439108967353 3676513.1
Discharge: 248 89.3 0.10050290066811474 3676513.1
Discharge: 249 89.6 0.10002177424459394 3676513.1
Discharge: 250 90.0 0.09954103088584824 3676513.1
Discharge: 251 90.4 0.09906068959503347 3676513.1
Discharge: 252 90.7 0.09858076931097016 3676513.1
Discharge: 253 91.1 0.09810128890739941 3676513.1
Discharge: 254 91.4 0.09762226719225081 3676513.1
Discharge: 255 91.8 0.09714372290691929 3676513.1
Discharge: 256 92.2 0.09666567472555498 3676513.1
Discharge: 257 92.5 0.09618814125436138 3676513.1
Discharge: 258 92.9 0.09571114103090717 3676513.1
Discharge: 259 93.2 0.09523469252344592 3676513.1
Discharge: 260 93.6 0.09475881413024889 3676513.1
Discharge: 261 94.0 0.09428352417894811 3676513.1
Discharge: 262 94.3 0.09380884092588904 3676513.1
Discharge: 263 94.7 0.09333478255549672 3676513.1
Discharge: 264 95.0 0.09286136717965007 3676513.1
Discharge: 265 95.4 0.09238861283706926 3676513.1
Discharge: 266 95.8 0.09191653749271213 3676513.1
Discharge: 267 96.1 0.09144515903718349 3676513.1
Discharge: 268 96.5 0.0909744952861539 3676513.1
Discharge: 269 96.8 0.09050456397978951 3676513.1
Discharge: 270 97.2 0.09003538278219349 3676513.1
Discharge: 271 97.6 0.08956696928085801 3676513.1
Discharge: 272 97.9 0.08909934098612661 3676513.1
Discharge: 273 98.3 0.08863251533066854 3676513.1
Discharge: 274 98.6 0.08816650966896271 3676513.1
Discharge: 275 99.0 0.08770134127679391 3676513.1
Discharge: 276 99.4 0.08723702735075825 3676513.1
Discharge: 277 99.7 0.08677358500778097 3676513.1
Discharge: 278 100.1 0.08631103128464382 3676513.1
Discharge: 279 100.4 0.08584938313752455 3676513.1
Discharge: 280 100.8 0.08538865744154568 3676513.1
Discharge: 281 101.2 0.08492887099033472 3676513.1
Discharge: 282 101.5 0.08447004049559576 3676513.1
Discharge: 283 101.9 0.08401218258669045 3676513.1
Discharge: 284 102.2 0.08355531381023064 3676513.1
Discharge: 285 102.6 0.0830994506296809 3676513.1
Discharge: 286 103.0 0.08264460942497232 3676513.1
Discharge: 287 103.3 0.08219080649212658 3676513.1
Discharge: 288 103.7 0.08173805804288983 3676513.1
Discharge: 289 104.0 0.08128638020437874 3676513.1
Discharge: 290 104.4 0.08083578901873499 3676513.1
Discharge: 291 104.8 0.08038630044279127 3676513.1
Discharge: 292 105.1 0.07993793034774825 3676513.1
Discharge: 293 105.5 0.0794906945188598 3676513.1
Discharge: 294 105.8 0.0790446086551303 3676513.1
Discharge: 295 106.2 0.07859968836902176 3676513.1
Discharge: 296 106.6 0.07815594918617041 3676513.1
Discharge: 297 106.9 0.07771340654511404 3676513.1
Discharge: 298 107.3 0.07727207579702912 3676513.1
Discharge: 299 107.6 0.07683197220547805 3676513.1
Discharge: 300 108.0 0.07639311094616585 3676513.1
Discharge: 301 108.4 0.07595550710670773 3676513.1
Discharge: 302 108.7 0.07551917568640498 3676513.1
Discharge: 303 109.1 0.07508413159603267 3676513.1
Discharge: 304 109.4 0.07465038965763428 3676513.1
Discharge: 305 109.8 0.07421796460432867 3676513.1
Discharge: 306 110.2 0.07378687108012488 3676513.1
Discharge: 307 110.5 0.07335712363974721 3676513.1
Discharge: 308 110.9 0.07292873674846903 3676513.1
Discharge: 309 111.2 0.0725017247819562 3676513.1
Discharge: 310 111.6 0.07207610202612078 3676513.1
Discharge: 311 112.0 0.07165188267698186 3676513.1
Discharge: 312 112.3 0.0712290808405376 3676513.1
Discharge: 313 112.7 0.07080771053264494 3676513.1
Discharge: 314 113.0 0.0703877856789085 3676513.1
Discharge: 315 113.4 0.06996932011457911 3676513.1
Discharge: 316 113.8 0.06955232758446019 3676513.1
Discharge: 317 114.1 0.06913682174282343 3676513.1
Discharge: 318 114.5 0.06872281615333341 3676513.1
Discharge: 319 114.8 0.06831032428897935 3676513.1
Discharge: 320 115.2 0.06789935953201706 3676513.1
Discharge: 321 115.6 0.06748993517391852 3676513.1
Discharge: 322 115.9 0.06708206441532956 3676513.1
Discharge: 323 116.3 0.066675760366036 3676513.1
Discharge: 324 116.6 0.06627103604493802 3676513.1
Discharge: 325 117.0 0.06586790438003251 3676513.1
Discharge: 326 117.4 0.0654663782084032 3676513.1
Discharge: 327 117.7 0.0650664702762188 3676513.1
Discharge: 328 118.1 0.06466819323873896 3676513.1
Discharge: 329 118.4 0.06427155966032769 3676513.1
Discharge: 330 118.8 0.06387658201447503 3676513.1
Discharge: 331 119.2 0.06348327268382467 3676513.1
Discharge: 332 119.5 0.06309164396021108 3676513.1
Discharge: 333 119.9 0.06270170804470201 3676513.1
Discharge: 334 120.2 0.06231347704764972 3676513.1
Discharge: 335 120.6 0.061926962988747836 3676513.1
Discharge: 336 121.0 0.06154217779709691 3676513.1
Discharge: 337 121.3 0.06115913331127506 3676513.1
Discharge: 338 121.7 0.06077784127941743 3676513.1
Discharge: 339 122.0 0.060398313359299904 3676513.1
Discharge: 340 122.4 0.0600205611184321 3676513.1
Discharge: 341 122.8 0.05964459603415456 3676513.1
Discharge: 342 123.1 0.059270429493744156 3676513.1
Discharge: 343 123.5 0.05889807279452447 3676513.1
Discharge: 344 123.8 0.05852753714398308 3676513.1
Discharge: 345 124.2 0.058158833659895146 3676513.1
Discharge: 346 124.6 0.05779197337045185 3676513.1
Discharge: 347 124.9 0.05742696721439628 3676513.1
Discharge: 348 125.3 0.05706382604116389 3676513.1
Discharge: 349 125.6 0.056702560611029275 3676513.1
Discharge: 350 126.0 0.05634318159525842 3676513.1
Discharge: 351 126.4 0.055985699576266035 3676513.1
Discharge: 352 126.7 0.05563012504777921 3676513.1
Discharge: 353 127.1 0.05527646841500509 3676513.1
Discharge: 354 127.4 0.05492473999480459 3676513.1
Discharge: 355 127.8 0.05457495001587099 3676513.1
Discharge: 356 128.2 0.05422710861891353 3676513.1
Discharge: 357 128.5 0.05388122585684533 3676513.1
Discharge: 358 128.9 0.053537311694976615 3676513.1
Discharge: 359 129.2 0.053195376011212936 3676513.1
Discharge: 360 129.6 0.05285542859625656 3676513.1
Discharge: 361 130.0 0.05251747915381347 3676513.1
Discharge: 362 130.3 0.05218153730080476 3676513.1
Discharge: 363 130.7 0.051847612567580956 3676513.1
Discharge: 364 131.0 0.0515157143981422 3676513.1
Discharge: 365 131.4 0.05118585215036082 3676513.1
Discharge: 366 131.8 0.05085803509620858 3676513.1
Discharge: 367 132.1 0.05053227242198803 3676513.1
Discharge: 368 132.5 0.05020857322856679 3676513.1
Discharge: 369 132.8 0.04988694653161597 3676513.1
Discharge: 370 133.2 0.049567401261851156 3676513.1
Discharge: 371 133.6 0.04924994626527861 3676513.1
Discharge: 372 133.9 0.048934590303442625 3676513.1
Discharge: 373 134.3 0.04862134205367686 3676513.1
Discharge: 374 134.6 0.04831021010935951 3676513.1
Discharge: 375 135.0 0.04800120298017042 3676513.1
Discharge: 376 135.4 0.04769432909235069 3676513.1
Discharge: 377 135.7 0.04738959678896675 3676513.1
Discharge: 378 136.1 0.04708701433017498 3676513.1
Discharge: 379 136.4 0.04678658989349033 3676513.1
Discharge: 380 136.8 0.046488331574056886 3676513.1
Discharge: 381 137.2 0.04619224738492059 3676513.1
Discharge: 382 137.5 0.045898345257303824 3676513.1
Discharge: 383 137.9 0.045606633040883617 3676513.1
Discharge: 384 138.2 0.04531711850406976 3676513.1
Discharge: 385 138.6 0.045029809334286686 3676513.1
Discharge: 386 139.0 0.04474471313825611 3676513.1
Discharge: 387 139.3 0.044461837442281285 3676513.1
Discharge: 388 139.7 0.04418118969253388 3676513.1
Discharge: 389 140.0 0.04390277725534078 3676513.1
Discharge: 390 140.4 0.04362660741747418 3676513.1
Discharge: 391 140.8 0.04335268738644153 3676513.1
Discharge: 392 141.1 0.043081024290777155 3676513.1
Discharge: 393 141.5 0.042811625180334906 3676513.1
Discharge: 394 141.8 0.04254449702658243 3676513.1
Discharge: 395 142.2 0.042279646722894866 3676513.1
Discharge: 396 142.6 0.042017081084852 3676513.1
Discharge: 397 142.9 0.04175680685053257 3676513.1
Discharge: 398 143.3 0.04149883068081244 3676513.1
Discharge: 399 143.6 0.041243159159661924 3676513.1
Discharge: 400 144.0 0.040989798794442596 3676513.1
Discharge: 401 144.4 0.04073875601620696 3676513.1
Discharge: 402 144.7 0.04049003717999592 3676513.1
Discharge: 403 145.1 0.04024364856513773 3676513.1
Discharge: 404 145.4 0.03999959637554655 3676513.1
Discharge: 405 145.8 0.03975788674002144 3676513.1
Discharge: 406 146.2 0.0395185257125447 3676513.1
Discharge: 407 146.5 0.039281519272580515 3676513.1
Discharge: 408 146.9 0.03904687332537286 3676513.1
Discharge: 409 147.2 0.03881459370224327 3676513.1
Discharge: 410 147.6 0.038584686160888414 3676513.1
Discharge: 411 148.0 0.03835715638567666 3676513.1
Discharge: 412 148.3 0.03813200998794396 3676513.1
Discharge: 413 148.7 0.03790925250629006 3676513.1
Discharge: 414 149.0 0.037688889406872365 3676513.1
Discharge: 415 149.4 0.03747092608370037 3676513.1
Discharge: 416 149.8 0.03725536785892796 3676513.1
Discharge: 417 150.1 0.03704221998314526 3676513.1
Discharge: 418 150.5 0.0368314876356698 3676513.1
Discharge: 419 150.8 0.036623175924835515 3676513.1
Discharge: 420 151.2 0.03641728988828097 3676513.1
Discharge: 421 151.6 0.03621383449323655 3676513.1
Discharge: 422 151.9 0.03601281463680931 3676513.1
Discharge: 423 152.3 0.03581423514626784 3676513.1
Discharge: 424 152.6 0.03561810077932313 3676513.1
Discharge: 425 153.0 0.035424416224410886 3676513.1
Discharge: 426 153.4 0.035233186100969156 3676513.1
Discharge: 427 153.7 0.03504441495971626 3676513.1
Discharge: 428 154.1 0.034858107282925745 3676513.1
Discharge: 429 154.4 0.03467426748469972 3676513.1
Discharge: 430 154.8 0.03449289991124018 3676513.1
Discharge: 431 155.2 0.034314008841118335 3676513.1
Discharge: 432 155.5 0.0341375984855415 3676513.1
Discharge: 433 155.9 0.03396367298861813 3676513.1
Discharge: 434 156.2 0.03379223642761995 3676513.1
Discharge: 435 156.6 0.03362329281324285 3676513.1
Discharge: 436 157.0 0.033456846089864115 3676513.1
Discharge: 437 157.3 0.03329290013579809 3676513.1
Discharge: 438 157.7 0.0331314587635482 3676513.1
Discharge: 439 158.0 0.03297252572005853 3676513.1
Discharge: 440 158.4 0.032816104686959696 3676513.1
Discharge: 441 158.8 0.0326621992808145 3676513.1
Discharge: 442 159.1 0.03251081305336004 3676513.1
Discharge: 443 159.5 0.032361949491746055 3676513.1
Discharge: 444 159.8 0.03221561201877217 3676513.1
Discharge: 445 160.2 0.032071803993119985 3676513.1
Discharge: 446 160.6 0.03193052870958412 3676513.1
Discharge: 447 160.9 0.03179178939929952 3676513.1
Discharge: 448 161.3 0.031655589229964816 3676513.1
Discharge: 449 161.6 0.03152193130606339 3676513.1
Discharge: 450 162.0 0.03139081866908162 3676513.1
Discharge: 451 162.4 0.031262254297722336 3676513.1
Discharge: 452 162.7 0.031136241108116566 3676513.1
Discharge: 453 163.1 0.031012781954030906 3676513.1
Discharge: 454 163.4 0.030891879627071617 3676513.1
Discharge: 455 163.8 0.030773536856885733 3676513.1
Discharge: 456 164.2 0.03065775631135776 3676513.1
Discharge: 457 164.5 0.03054454059680428 3676513.1
Discharge: 458 164.9 0.03043389225816263 3676513.1
Discharge: 459 165.2 0.030325813779178826 3676513.1
Discharge: 460 165.6 0.030220307582588916 3676513.1
Discharge: 461 166.0 0.030117376030299098 3676513.1
Discharge: 462 166.3 0.030017021423560268 3676513.1
Discharge: 463 166.7 0.029919246003139402 3676513.1
Discharge: 464 167.0 0.029824051949487607 3676513.1
Discharge: 465 167.4 0.029731441382903068 3676513.1
Discharge: 466 167.8 0.029641416363691282 3676513.1
Discharge: 467 168.1 0.029553978892321107 3676513.1
Discharge: 468 168.5 0.029469130909575213 3676513.1
Discharge: 469 168.8 0.02938687429669944 3676513.1
Discharge: 470 169.2 0.029307210875545546 3676513.1
Discharge: 471 169.6 0.029230142408710767 3676513.1
Discharge: 472 169.9 0.029155670599673576 3676513.1
Discharge: 473 170.3 0.02908379709292522 3676513.1
Discharge: 474 170.6 0.029014523474095902 3676513.1
Discharge: 475 171.0 0.028947851270078685 3676513.1
Discharge: 476 171.4 0.02888378194914788 3676513.1
Discharge: 477 171.7 0.02882231692107265 3676513.1
Discharge: 478 172.1 0.028763457537228695 3676513.1
Discharge: 479 172.4 0.02870720509070261 3676513.1
Discharge: 480 172.8 0.028653560816393777 3676513.1
Discharge: 481 173.2 0.02860252589111214 3676513.1
Discharge: 482 173.5 0.028554101433670123 3676513.1
Discharge: 483 173.9 0.028508288504971033 3676513.1
Discharge: 484 174.2 0.028465088108093665 3676513.1
Discharge: 485 174.6 0.028424501188371042 3676513.1
Discharge: 486 175.0 0.02838652863346585 3676513.1
Discharge: 487 175.3 0.028351171273440733 3676513.1
Discharge: 488 175.7 0.028318429880824794 3676513.1
Discharge: 489 176.0 0.028288305170674717 3676513.1
Discharge: 490 176.4 0.028260797800632096 3676513.1
Discharge: 491 176.8 0.028235908370976046 3676513.1
Discharge: 492 177.1 0.028213637424671242 3676513.1
Discharge: 493 177.5 0.028193985447411165 3676513.1
Discharge: 494 177.8 0.028176952867657 3676513.1
Discharge: 495 178.2 0.028162540056672628 3676513.1
Discharge: 496 178.6 0.02815074732855335 3676513.1
Discharge: 497 178.9 0.028141574940252535 3676513.1
Discharge: 498 179.3 0.02813502309160066 3676513.1
Discharge: 499 179.6 0.028131091925322912 3676513.1
Discharge: 500 180.0 0.028129781527049393 3676513.1
Expansion: 501 180.4 0.028131091925322912 3676273.2
Expansion: 502 180.7 0.02813502309160066 3675553.6
Expansion: 503 181.1 0.028141574940252535 3674354.8
Expansion: 504 181.4 0.02815074732855335 3672677.6
Expansion: 505 181.8 0.028162540056672628 3670523.3
Expansion: 506 182.2 0.028176952867657 3667893.2
Expansion: 507 182.5 0.028193985447411165 3664789.3
Expansion: 508 182.9 0.028213637424671242 3661213.6
Expansion: 509 183.2 0.028235908370976046 3657168.6
Expansion: 510 183.6 0.028260797800632096 3652657.0
Expansion: 511 184.0 0.028288305170674717 3647682.0
Expansion: 512 184.3 0.028318429880824794 3642247.0
Expansion: 513 184.7 0.028351171273440733 3636355.5
Expansion: 514 185.0 0.02838652863346585 3630011.7
Expansion: 515 185.4 0.028424501188371042 3623219.8
Expansion: 516 185.8 0.028465088108093665 3615984.2
Expansion: 517 186.1 0.028508288504971033 3608310.0
Expansion: 518 186.5 0.028554101433670123 3600202.0
Expansion: 519 186.8 0.02860252589111214 3591665.8
Expansion: 520 187.2 0.028653560816393777 3582706.9
Expansion: 521 187.6 0.02870720509070261 3573331.1
Expansion: 522 187.9 0.028763457537228695 3563544.6
Expansion: 523 188.3 0.02882231692107265 3553353.6
Expansion: 524 188.6 0.02888378194914788 3542764.6
Expansion: 525 189.0 0.028947851270078685 3531784.4
Expansion: 526 189.4 0.029014523474095902 3520420.0
Expansion: 527 189.7 0.02908379709292522 3508678.3
Expansion: 528 190.1 0.029155670599673576 3496566.7
Expansion: 529 190.4 0.029230142408710767 3484092.7
Expansion: 530 190.8 0.029307210875545546 3471263.8
Expansion: 531 191.2 0.02938687429669944 3458087.8
Expansion: 532 191.5 0.029469130909575213 3444572.6
Expansion: 533 191.9 0.029553978892321107 3430726.2
Expansion: 534 192.2 0.029641416363691282 3416556.8
Expansion: 535 192.6 0.029731441382903068 3402072.4
Expansion: 536 193.0 0.029824051949487607 3387281.6
Expansion: 537 193.3 0.029919246003139402 3372192.6
Expansion: 538 193.7 0.030017021423560268 3356814.0
Expansion: 539 194.0 0.030117376030299098 3341154.4
Expansion: 540 194.4 0.030220307582588916 3325222.2
Expansion: 541 194.8 0.030325813779178826 3309026.1
Expansion: 542 195.1 0.03043389225816263 3292574.9
Expansion: 543 195.5 0.03054454059680428 3275877.2
Expansion: 544 195.8 0.03065775631135776 3258941.7
Expansion: 545 196.2 0.030773536856885733 3241777.1
Expansion: 546 196.6 0.030891879627071617 3224392.2
Expansion: 547 196.9 0.031012781954030906 3206795.6
Expansion: 548 197.3 0.031136241108116566 3188996.1
Expansion: 549 197.6 0.031262254297722336 3171002.2
Expansion: 550 198.0 0.03139081866908151 3152822.6
Expansion: 551 198.4 0.03152193130606339 3134465.9
Expansion: 552 198.7 0.031655589229964816 3115940.6
Expansion: 553 199.1 0.03179178939929962 3097255.1
Expansion: 554 199.4 0.031930528709584224 3078417.9
Expansion: 555 199.8 0.032071803993119985 3059437.2
Expansion: 556 200.2 0.03221561201877217 3040321.2
Expansion: 557 200.5 0.032361949491746055 3021078.3
Expansion: 558 200.9 0.03251081305336004 3001716.3
Expansion: 559 201.2 0.0326621992808145 2982243.3
Expansion: 560 201.6 0.032816104686959696 2962667.2
Expansion: 561 202.0 0.03297252572005853 2942995.7
Expansion: 562 202.3 0.0331314587635482 2923236.4
Expansion: 563 202.7 0.03329290013579809 2903396.9
Expansion: 564 203.0 0.033456846089864115 2883484.6
Expansion: 565 203.4 0.03362329281324285 2863506.9
Expansion: 566 203.8 0.03379223642761995 2843470.8
Expansion: 567 204.1 0.03396367298861813 2823383.4
Expansion: 568 204.5 0.0341375984855415 2803251.6
Expansion: 569 204.8 0.034314008841118335 2783082.2
Expansion: 570 205.2 0.03449289991124018 2762881.9
Expansion: 571 205.6 0.03467426748469972 2742657.1
Expansion: 572 205.9 0.034858107282925745 2722414.1
Expansion: 573 206.3 0.03504441495971626 2702159.3
Expansion: 574 206.6 0.035233186100969156 2681898.7
Expansion: 575 207.0 0.035424416224410886 2661638.1
Expansion: 576 207.4 0.03561810077932313 2641383.4
Expansion: 577 207.7 0.03581423514626784 2621140.3
Expansion: 578 208.1 0.03601281463680931 2600914.2
Expansion: 579 208.4 0.03621383449323655 2580710.4
Expansion: 580 208.8 0.03641728988828097 2560534.2
Expansion: 581 209.2 0.036623175924835515 2540390.6
Expansion: 582 209.5 0.0368314876356698 2520284.5
Expansion: 583 209.9 0.03704221998314526 2500220.7
Expansion: 584 210.2 0.03725536785892796 2480203.7
Expansion: 585 210.6 0.03747092608370037 2460238.2
Expansion: 586 211.0 0.037688889406872365 2440328.3
Expansion: 587 211.3 0.03790925250629006 2420478.2
Expansion: 588 211.7 0.03813200998794396 2400692.1
Expansion: 589 212.0 0.03835715638567666 2380973.9
Expansion: 590 212.4 0.03858468616088852 2361327.2
Expansion: 591 212.8 0.03881459370224327 2341755.7
Expansion: 592 213.1 0.03904687332537286 2322262.9
Expansion: 593 213.5 0.039281519272580515 2302852.2
Expansion: 594 213.8 0.03951852571254481 2283526.8
Expansion: 595 214.2 0.03975788674002144 2264289.8
Expansion: 596 214.6 0.03999959637554655 2245144.2
Expansion: 597 214.9 0.04024364856513773 2226092.8
Expansion: 598 215.3 0.04049003717999592 2207138.4
Expansion: 599 215.6 0.04073875601620696 2188283.5
Expansion: 600 216.0 0.040989798794442596 2169530.6
Expansion: 601 216.4 0.04124315915966182 2150882.2
Expansion: 602 216.7 0.041498830680812546 2132340.4
Expansion: 603 217.1 0.04175680685053257 2113907.4
Expansion: 604 217.4 0.042017081084852 2095585.2
Expansion: 605 217.8 0.042279646722894866 2077375.8
Expansion: 606 218.2 0.04254449702658243 2059280.9
Expansion: 607 218.5 0.042811625180334906 2041302.4
Expansion: 608 218.9 0.043081024290777155 2023441.7
Expansion: 609 219.2 0.04335268738644153 2005700.4
Expansion: 610 219.6 0.04362660741747418 1988080.0
Expansion: 611 220.0 0.04390277725534078 1970581.7
Expansion: 612 220.3 0.04418118969253388 1953206.8
Expansion: 613 220.7 0.04446183744228139 1935956.4
Suction: 614 221.0 0.04474471313825611 1927006.7
Suction: 615 221.4 0.045029809334286686 1927006.7
Suction: 616 221.8 0.04531711850406976 1927006.7
Suction: 617 222.1 0.045606633040883617 1927006.7
Suction: 618 222.5 0.045898345257303824 1927006.7
Suction: 619 222.8 0.04619224738492059 1927006.7
Suction: 620 223.2 0.04648833157405699 1927006.7
Suction: 621 223.6 0.04678658989349033 1927006.7
Suction: 622 223.9 0.04708701433017498 1927006.7
Suction: 623 224.3 0.04738959678896675 1927006.7
Suction: 624 224.6 0.04769432909235069 1927006.7
Suction: 625 225.0 0.04800120298017042 1927006.7
Suction: 626 225.4 0.04831021010935951 1927006.7
Suction: 627 225.7 0.04862134205367686 1927006.7
Suction: 628 226.1 0.048934590303442625 1927006.7
Suction: 629 226.4 0.04924994626527861 1927006.7
Suction: 630 226.8 0.049567401261851156 1927006.7
Suction: 631 227.2 0.04988694653161597 1927006.7
Suction: 632 227.5 0.05020857322856679 1927006.7
Suction: 633 227.9 0.05053227242198803 1927006.7
Suction: 634 228.2 0.05085803509620858 1927006.7
Suction: 635 228.6 0.05118585215036082 1927006.7
Suction: 636 229.0 0.0515157143981423 1927006.7
Suction: 637 229.3 0.05184761256758106 1927006.7
Suction: 638 229.7 0.05218153730080476 1927006.7
Suction: 639 230.0 0.052517479153813364 1927006.7
Suction: 640 230.4 0.05285542859625656 1927006.7
Suction: 641 230.8 0.053195376011212936 1927006.7
Suction: 642 231.1 0.053537311694976615 1927006.7
Suction: 643 231.5 0.05388122585684533 1927006.7
Suction: 644 231.8 0.05422710861891353 1927006.7
Suction: 645 232.2 0.05457495001587109 1927006.7
Suction: 646 232.6 0.05492473999480459 1927006.7
Suction: 647 232.9 0.05527646841500509 1927006.7
Suction: 648 233.3 0.05563012504777921 1927006.7
Suction: 649 233.6 0.05598569957626614 1927006.7
Suction: 650 234.0 0.05634318159525842 1927006.7
Suction: 651 234.4 0.056702560611029275 1927006.7
Suction: 652 234.7 0.05706382604116389 1927006.7
Suction: 653 235.1 0.057426967214396385 1927006.7
Suction: 654 235.4 0.05779197337045185 1927006.7
Suction: 655 235.8 0.058158833659895146 1927006.7
Suction: 656 236.2 0.058527537143983184 1927006.7
Suction: 657 236.5 0.05889807279452447 1927006.7
Suction: 658 236.9 0.059270429493744156 1927006.7
Suction: 659 237.2 0.05964459603415456 1927006.7
Suction: 660 237.6 0.0600205611184321 1927006.7
Suction: 661 238.0 0.060398313359299904 1927006.7
Suction: 662 238.3 0.06077784127941743 1927006.7
Suction: 663 238.7 0.06115913331127506 1927006.7
Suction: 664 239.0 0.06154217779709681 1927006.7
Suction: 665 239.4 0.061926962988747836 1927006.7
Suction: 666 239.8 0.06231347704764961 1927006.7
Suction: 667 240.1 0.06270170804470201 1927006.7
Suction: 668 240.5 0.06309164396021108 1927006.7
Suction: 669 240.8 0.06348327268382477 1927006.7
Suction: 670 241.2 0.06387658201447503 1927006.7
Suction: 671 241.6 0.06427155966032778 1927006.7
Suction: 672 241.9 0.06466819323873896 1927006.7
Suction: 673 242.3 0.06506647027621869 1927006.7
Suction: 674 242.6 0.0654663782084032 1927006.7
Suction: 675 243.0 0.06586790438003251 1927006.7
Suction: 676 243.4 0.06627103604493802 1927006.7
Suction: 677 243.7 0.066675760366036 1927006.7
Suction: 678 244.1 0.06708206441532956 1927006.7
Suction: 679 244.4 0.06748993517391852 1927006.7
Suction: 680 244.8 0.06789935953201696 1927006.7
Suction: 681 245.2 0.06831032428897935 1927006.7
Suction: 682 245.5 0.06872281615333341 1927006.7
Suction: 683 245.9 0.06913682174282343 1927006.7
Suction: 684 246.2 0.06955232758446019 1927006.7
Suction: 685 246.6 0.06996932011457911 1927006.7
Suction: 686 247.0 0.0703877856789085 1927006.7
Suction: 687 247.3 0.07080771053264494 1927006.7
Suction: 688 247.7 0.0712290808405377 1927006.7
Suction: 689 248.0 0.07165188267698186 1927006.7
Suction: 690 248.4 0.07207610202612078 1927006.7
Suction: 691 248.8 0.0725017247819562 1927006.7
Suction: 692 249.1 0.07292873674846903 1927006.7
Suction: 693 249.5 0.07335712363974721 1927006.7
Suction: 694 249.8 0.073786871080125 1927006.7
Suction: 695 250.2 0.07421796460432867 1927006.7
Suction: 696 250.6 0.07465038965763428 1927006.7
Suction: 697 250.9 0.07508413159603267 1927006.7
Suction: 698 251.3 0.07551917568640498 1927006.7
Suction: 699 251.6 0.07595550710670773 1927006.7
Suction: 700 252.0 0.07639311094616585 1927006.7
Suction: 701 252.4 0.07683197220547805 1927006.7
Suction: 702 252.7 0.07727207579702912 1927006.7
Suction: 703 253.1 0.07771340654511415 1927006.7
Suction: 704 253.4 0.07815594918617041 1927006.7
Suction: 705 253.8 0.07859968836902187 1927006.7
Suction: 706 254.2 0.0790446086551303 1927006.7
Suction: 707 254.5 0.07949069451885969 1927006.7
Suction: 708 254.9 0.07993793034774825 1927006.7
Suction: 709 255.2 0.08038630044279127 1927006.7
Suction: 710 255.6 0.08083578901873499 1927006.7
Suction: 711 256.0 0.08128638020437874 1927006.7
Suction: 712 256.3 0.08173805804288994 1927006.7
Suction: 713 256.7 0.08219080649212658 1927006.7
Suction: 714 257.0 0.08264460942497232 1927006.7
Suction: 715 257.4 0.0830994506296809 1927006.7
Suction: 716 257.8 0.08355531381023064 1927006.7
Suction: 717 258.1 0.08401218258669055 1927006.7
Suction: 718 258.5 0.08447004049559576 1927006.7
Suction: 719 258.8 0.08492887099033472 1927006.7
Suction: 720 259.2 0.08538865744154568 1927006.7
Suction: 721 259.6 0.08584938313752466 1927006.7
Suction: 722 259.9 0.08631103128464382 1927006.7
Suction: 723 260.3 0.08677358500778097 1927006.7
Suction: 724 260.6 0.08723702735075825 1927006.7
Suction: 725 261.0 0.08770134127679391 1927006.7
Suction: 726 261.4 0.0881665096689628 1927006.7
Suction: 727 261.7 0.08863251533066854 1927006.7
Suction: 728 262.1 0.08909934098612661 1927006.7
Suction: 729 262.4 0.08956696928085801 1927006.7
Suction: 730 262.8 0.09003538278219349 1927006.7
Suction: 731 263.2 0.09050456397978951 1927006.7
Suction: 732 263.5 0.0909744952861539 1927006.7
Suction: 733 263.9 0.09144515903718349 1927006.7
Suction: 734 264.2 0.09191653749271213 1927006.7
Suction: 735 264.6 0.09238861283706926 1927006.7
Suction: 736 265.0 0.09286136717965007 1927006.7
Suction: 737 265.3 0.09333478255549672 1927006.7
Suction: 738 265.7 0.09380884092588904 1927006.7
Suction: 739 266.0 0.09428352417894811 1927006.7
Suction: 740 266.4 0.09475881413024899 1927006.7
Suction: 741 266.8 0.09523469252344581 1927006.7
Suction: 742 267.1 0.09571114103090726 1927006.7
Suction: 743 267.5 0.09618814125436138 1927006.7
Suction: 744 267.8 0.09666567472555498 1927006.7
Suction: 745 268.2 0.09714372290691929 1927006.7
Suction: 746 268.6 0.09762226719225081 1927006.7
Suction: 747 268.9 0.09810128890739951 1927006.7
Suction: 748 269.3 0.09858076931097016 1927006.7
Suction: 749 269.6 0.09906068959503347 1927006.7
Suction: 750 270.0 0.09954103088584824 1927006.7
Suction: 751 270.4 0.10002177424459394 1927006.7
Suction: 752 270.7 0.10050290066811474 1927006.7
Suction: 753 271.1 0.10098439108967353 1927006.7
Suction: 754 271.4 0.10146622637971674 1927006.7
Suction: 755 271.8 0.10194838734665036 1927006.7
Suction: 756 272.2 0.10243085473762589 1927006.7
Suction: 757 272.5 0.1029136092393369 1927006.7
Suction: 758 272.9 0.10339663147882716 1927006.7
Suction: 759 273.2 0.10387990202430696 1927006.7
Suction: 760 273.6 0.10436340138598316 1927006.7
Suction: 761 274.0 0.10484711001689616 1927006.7
Suction: 762 274.3 0.10533100831376993 1927006.7
Suction: 763 274.7 0.10581507661787096 1927006.7
Suction: 764 275.0 0.10629929521587782 1927006.7
Suction: 765 275.4 0.10678364434076107 1927006.7
Suction: 766 275.8 0.10726810417267241 1927006.7
Suction: 767 276.1 0.10775265483984596 1927006.7
Suction: 768 276.5 0.10823727641950706 1927006.7
Suction: 769 276.8 0.10872194893879283 1927006.7
Suction: 770 277.2 0.10920665237568197 1927006.7
Suction: 771 277.6 0.10969136665993463 1927006.7
Suction: 772 277.9 0.11017607167404117 1927006.7
Suction: 773 278.3 0.11066074725418275 1927006.7
Suction: 774 278.6 0.11114537319119874 1927006.7
Suction: 775 279.0 0.11162992923156571 1927006.7
Suction: 776 279.4 0.11211439507838593 1927006.7
Suction: 777 279.7 0.11259875039238337 1927006.7
Suction: 778 280.1 0.11308297479291134 1927006.7
Suction: 779 280.4 0.1135670478589685 1927006.7
Suction: 780 280.8 0.11405094913022298 1927006.7
Suction: 781 281.2 0.11453465810804724 1927006.7
Suction: 782 281.5 0.11501815425656128 1927006.7
Suction: 783 281.9 0.11550141700368459 1927006.7
Suction: 784 282.2 0.11598442574219664 1927006.7
Suction: 785 282.6 0.11646715983080728 1927006.7
Suction: 786 283.0 0.11694959859523461 1927006.7
Suction: 787 283.3 0.11743172132929175 1927006.7
Suction: 788 283.7 0.11791350729598231 1927006.7
Suction: 789 284.0 0.11839493572860407 1927006.7
Suction: 790 284.4 0.11887598583186137 1927006.7
Suction: 791 284.8 0.11935663678298367 1927006.7
Suction: 792 285.1 0.11983686773285587 1927006.7
Suction: 793 285.5 0.12031665780715249 1927006.7
Suction: 794 285.8 0.1207959861074829 1927006.7
Suction: 795 286.2 0.12127483171254222 1927006.7
Suction: 796 286.6 0.121753173679271 1927006.7
Suction: 797 286.9 0.12223099104402221 1927006.7
Suction: 798 287.3 0.1227082628237351 1927006.7
Suction: 799 287.6 0.12318496801711724 1927006.7
Suction: 800 288.0 0.12366108560583268 1927006.7
Suction: 801 288.4 0.12413659455569842 1927006.7
Suction: 802 288.7 0.12461147381788623 1927006.7
Suction: 803 289.1 0.12508570233013377 1927006.7
Suction: 804 289.4 0.12555925901795892 1927006.7
Suction: 805 289.8 0.12603212279588463 1927006.7
Suction: 806 290.2 0.1265042725686668 1927006.7
Suction: 807 290.5 0.12697568723253083 1927006.7
Suction: 808 290.9 0.1274463456764135 1927006.7
Suction: 809 291.2 0.1279162267832101 1927006.7
Suction: 810 291.6 0.12838530943102996 1927006.7
Suction: 811 292.0 0.12885357249445478 1927006.7
Suction: 812 292.3 0.12932099484580525 1927006.7
Suction: 813 292.7 0.12978755535641157 1927006.7
Suction: 814 293.0 0.13025323289789026 1927006.7
Suction: 815 293.4 0.13071800634342573 1927006.7
Suction: 816 293.8 0.13118185456905782 1927006.7
Suction: 817 294.1 0.1316447564549735 1927006.7
Suction: 818 294.5 0.1321066908868041 1927006.7
Suction: 819 294.8 0.1325676367569267 1927006.7
Suction: 820 295.2 0.13302757296577106 1927006.7
Suction: 821 295.6 0.13348647842313024 1927006.7
Suction: 822 295.9 0.13394433204947556 1927006.7
Suction: 823 296.3 0.1344011127772768 1927006.7
Suction: 824 296.6 0.13485679955232466 1927006.7
Suction: 825 297.0 0.1353113713350594 1927006.7
Suction: 826 297.4 0.13576480710190122 1927006.7
Suction: 827 297.7 0.13621708584658532 1927006.7
Suction: 828 298.1 0.13666818658150073 1927006.7
Suction: 829 298.4 0.13711808833903139 1927006.7
Suction: 830 298.8 0.13756677017290153 1927006.7
Suction: 831 299.2 0.13801421115952328 1927006.7
Suction: 832 299.5 0.13846039039934807 1927006.7
Suction: 833 299.9 0.13890528701822008 1927006.7
Suction: 834 300.2 0.13934888016873234 1927006.7
Suction: 835 300.6 0.13979114903158565 1927006.7
Suction: 836 301.0 0.1402320728169497 1927006.7
Suction: 837 301.3 0.14067163076582628 1927006.7
Suction: 838 301.7 0.1411098021514145 1927006.7
Suction: 839 302.0 0.14154656628047824 1927006.7
Suction: 840 302.4 0.1419819024947142 1927006.7
Suction: 841 302.8 0.14241579017212327 1927006.7
Suction: 842 303.1 0.1428482087283819 1927006.7
Suction: 843 303.5 0.14327913761821517 1927006.7
Suction: 844 303.8 0.14370855633677115 1927006.7
Suction: 845 304.2 0.1441364444209958 1927006.7
Suction: 846 304.6 0.14456278145100968 1927006.7
Suction: 847 304.9 0.1449875470514837 1927006.7
Suction: 848 305.3 0.14541072089301652 1927006.7
Suction: 849 305.6 0.14583228269351253 1927006.7
Suction: 850 306.0 0.14625221221955909 1927006.7
Suction: 851 306.4 0.14667048928780405 1927006.7
Suction: 852 306.7 0.14708709376633386 1927006.7
Suction: 853 307.1 0.14750200557605084 1927006.7
Suction: 854 307.4 0.1479152046920497 1927006.7
Suction: 855 307.8 0.14832667114499448 1927006.7
Suction: 856 308.2 0.1487363850224937 1927006.7
Suction: 857 308.5 0.14914432647047574 1927006.7
Suction: 858 308.9 0.14955047569456148 1927006.7
Suction: 859 309.2 0.14995481296143848 1927006.7
Suction: 860 309.6 0.1503573186002307 1927006.7
Suction: 861 310.0 0.15075797300386867 1927006.7
Suction: 862 310.3 0.15115675663045863 1927006.7
Suction: 863 310.7 0.15155365000464716 1927006.7
Suction: 864 311.0 0.15194863371898681 1927006.7
Suction: 865 311.4 0.15234168843529747 1927006.7
Suction: 866 311.8 0.15273279488602753 1927006.7
Suction: 867 312.1 0.15312193387561024 1927006.7
Suction: 868 312.5 0.15350908628181964 1927006.7
Suction: 869 312.8 0.15389423305712302 1927006.7
Suction: 870 313.2 0.15427735523002936 1927006.7
Suction: 871 313.6 0.1546584339064375 1927006.7
Suction: 872 313.9 0.15503745027097826 1927006.7
Suction: 873 314.3 0.155414385588355 1927006.7
Suction: 874 314.6 0.15578922120468036 1927006.7
Suction: 875 315.0 0.15616193854880944 1927006.7
Suction: 876 315.4 0.15653251913366859 1927006.7
Suction: 877 315.7 0.15690094455758138 1927006.7
Suction: 878 316.1 0.15726719650558998 1927006.7
Suction: 879 316.4 0.1576312567507722 1927006.7
Suction: 880 316.8 0.15799310715555454 1927006.7
Suction: 881 317.2 0.15835272967302064 1927006.7
Suction: 882 317.5 0.15871010634821514 1927006.7
Suction: 883 317.9 0.15906521931944298 1927006.7
Suction: 884 318.2 0.1594180508195632 1927006.7
Suction: 885 318.6 0.15976858317727852 1927006.7
Suction: 886 319.0 0.16011679881841914 1927006.7
Suction: 887 319.3 0.16046268026722163 1927006.7
Suction: 888 319.7 0.16080621014760188 1927006.7
Suction: 889 320.0 0.161147371184423 1927006.7
Suction: 890 320.4 0.16148614620475724 1927006.7
Suction: 891 320.8 0.1618225181391419 1927006.7
Suction: 892 321.1 0.1621564700228295 1927006.7
Suction: 893 321.5 0.1624879849970317 1927006.7
Suction: 894 321.8 0.16281704631015678 1927006.7
Suction: 895 322.2 0.1631436373190407 1927006.7
Suction: 896 322.6 0.16346774149017285 1927006.7
Suction: 897 322.9 0.16378934240091242 1927006.7
Suction: 898 323.3 0.16410842374070103 1927006.7
Suction: 899 323.6 0.1644249693122663 1927006.7
Suction: 900 324.0 0.16473896303281912 1927006.7
Suction: 901 324.4 0.16505038893524407 1927006.7
Suction: 902 324.7 0.1653592311692814 1927006.7
Suction: 903 325.1 0.1656654740027034 1927006.7
Suction: 904 325.4 0.16596910182248056 1927006.7
Suction: 905 325.8 0.16627009913594318 1927006.7
Suction: 906 326.2 0.16656845057193229 1927006.7
Suction: 907 326.5 0.16686414088194487 1927006.7
Suction: 908 326.9 0.16715715494126934 1927006.7
Suction: 909 327.2 0.1674474777501135 1927006.7
Suction: 910 327.6 0.1677350944347251 1927006.7
Suction: 911 328.0 0.1680199902485018 1927006.7
Suction: 912 328.3 0.1683021505730952 1927006.7
Suction: 913 328.7 0.16858156091950408 1927006.7
Suction: 914 329.0 0.16885820692915982 1927006.7
Suction: 915 329.4 0.16913207437500327 1927006.7
Suction: 916 329.8 0.16940314916255178 1927006.7
Suction: 917 330.1 0.16967141733095747 1927006.7
Suction: 918 330.5 0.16993686505405653 1927006.7
Suction: 919 330.8 0.1701994786414093 1927006.7
Suction: 920 331.2 0.17045924453932973 1927006.7
Suction: 921 331.6 0.17071614933190737 1927006.7
Suction: 922 331.9 0.17097017974201725 1927006.7
Suction: 923 332.3 0.17122132263232248 1927006.7
Suction: 924 332.6 0.17146956500626456 1927006.7
Suction: 925 333.0 0.1717148940090463 1927006.7
Suction: 926 333.4 0.1719572969286025 1927006.7
Suction: 927 333.7 0.1721967611965612 1927006.7
Suction: 928 334.1 0.17243327438919515 1927006.7
Suction: 929 334.4 0.17266682422836274 1927006.7
Suction: 930 334.8 0.17289739858243763 1927006.7
Suction: 931 335.2 0.17312498546722918 1927006.7
Suction: 932 335.5 0.17334957304689108 1927006.7
Suction: 933 335.9 0.17357114963481965 1927006.7
Suction: 934 336.2 0.17378970369454197 1927006.7
Suction: 935 336.6 0.1740052238405915 1927006.7
Suction: 936 337.0 0.17421769883937496 1927006.7
Suction: 937 337.3 0.17442711761002558 1927006.7
Suction: 938 337.7 0.17463346922524708 1927006.7
Suction: 939 338.0 0.174836742912146 1927006.7
Suction: 940 338.4 0.17503692805305132 1927006.7
Suction: 941 338.8 0.17523401418632495 1927006.7
Suction: 942 339.1 0.17542799100715897 1927006.7
Suction: 943 339.5 0.17561884836836134 1927006.7
Suction: 944 339.8 0.17580657628113097 1927006.7
Suction: 945 340.2 0.1759911649158205 1927006.7
Suction: 946 340.6 0.17617260460268666 1927006.7
Suction: 947 340.9 0.1763508858326296 1927006.7
Suction: 948 341.3 0.17652599925792006 1927006.7
Suction: 949 341.6 0.17669793569291398 1927006.7
Suction: 950 342.0 0.17686668611475523 1927006.7
Suction: 951 342.4 0.177032241664067 1927006.7
Suction: 952 342.7 0.17719459364562917 1927006.7
Suction: 953 343.1 0.1773537335290453 1927006.7
Suction: 954 343.4 0.1775096529493955 1927006.7
Suction: 955 343.8 0.177662343707878 1927006.7
Suction: 956 344.2 0.17781179777243808 1927006.7
Suction: 957 344.5 0.17795800727838362 1927006.7
Suction: 958 344.9 0.17810096452898888 1927006.7
Suction: 959 345.2 0.17824066199608507 1927006.7
Suction: 960 345.6 0.1783770923206385 1927006.7
Suction: 961 346.0 0.17851024831331547 1927006.7
Suction: 962 346.3 0.1786401229550351 1927006.7
Suction: 963 346.7 0.17876670939750772 1927006.7
Suction: 964 347.0 0.17889000096376223 1927006.7
Suction: 965 347.4 0.17900999114865873 1927006.7
Suction: 966 347.8 0.17912667361938914 1927006.7
Suction: 967 348.1 0.1792400422159643 1927006.7
Suction: 968 348.5 0.17935009095168747 1927006.7
Suction: 969 348.8 0.17945681401361552 1927006.7
Suction: 970 349.2 0.17956020576300621 1927006.7
Suction: 971 349.6 0.17966026073575236 1927006.7
Suction: 972 349.9 0.17975697364280227 1927006.7
Suction: 973 350.3 0.17985033937056735 1927006.7
Suction: 974 350.6 0.17994035298131617 1927006.7
Suction: 975 351.0 0.1800270097135546 1927006.7
Suction: 976 351.4 0.1801103049823929 1927006.7
Suction: 977 351.7 0.1801902343798988 1927006.7
Suction: 978 352.1 0.1802667936754381 1927006.7
Suction: 979 352.4 0.18033997881599964 1927006.7
Suction: 980 352.8 0.1804097859265088 1927006.7
Suction: 981 353.2 0.1804762113101261 1927006.7
Suction: 982 353.5 0.18053925144853195 1927006.7
Suction: 983 353.9 0.1805989030021986 1927006.7
Suction: 984 354.2 0.18065516281064728 1927006.7
Suction: 985 354.6 0.1807080278926928 1927006.7
Suction: 986 355.0 0.18075749544667238 1927006.7
Suction: 987 355.3 0.1808035628506633 1927006.7
Suction: 988 355.7 0.1808462276626841 1927006.7
Suction: 989 356.0 0.1808854876208838 1927006.7
Suction: 990 356.4 0.18092134064371615 1927006.7
Suction: 991 356.8 0.18095378483010044 1927006.7
Suction: 992 357.1 0.18098281845956807 1927006.7
Suction: 993 357.5 0.18100843999239583 1927006.7
Suction: 994 357.8 0.1810306480697245 1927006.7
Suction: 995 358.2 0.18104944151366367 1927006.7
Suction: 996 358.6 0.18106481932738297 1927006.7
Suction: 997 358.9 0.18107678069518876 1927006.7
Suction: 998 359.3 0.1810853249825875 1927006.7
Suction: 999 359.6 0.18109045173633453 1927006.7
Suction: 1000 360.0 0.18109216068446882 1927006.7

